
     x     n*sin(x)

 -3.14  -3.04159265
 -2.94  -2.84159265
 -2.74  -2.64159265
 -2.54  -2.44159265
 -2.34  -2.24159265
 -2.14  -2.04159265
 -1.94  -1.84159265
 -1.74  -1.64159265
 -1.54  -1.44159265
 -1.34  -1.24159265
 -1.14  -1.04159265
 -0.94  -0.84159265
 -0.74  -0.64159265
 -0.54  -0.44159265
 -0.34  -0.24159265
 -0.14  -0.04159265
  0.06   0.15840735
  0.26   0.35840735
  0.46   0.55840735
  0.66   0.75840735
  0.86   0.95840735
  1.06   1.15840735
  1.26   1.35840735
  1.46   1.55840735
  1.66   1.75840735
  1.86   1.95840735
  2.06   2.15840735
  2.26   2.35840735
  2.46   2.55840735
  2.66   2.75840735
  2.86   2.95840735
  3.06  -0.00000000
 -0.30  -0.56464247
 -0.78  -0.93203909
 -1.00  -0.97384763
 -0.86  -0.67546318
 -0.43  -0.14112001
  0.16   0.44252044
  0.69   0.87157577
  0.98   0.99616461
  0.93   0.77276449
  0.55   0.27941550
 -0.02  -0.31154136
 -0.58  -0.79366786
 -0.94  -0.99854335
 -0.97  -0.85459891
 -0.66  -0.41211849
 -0.12   0.17432678
  0.46   0.69987469
  0.88   0.98093623
  0.99   0.91932853
  0.76   0.53657292
  0.26  -0.03362305
 -0.33  -0.59207351
 -0.80  -0.94369567
 -1.00  -0.96565778
 -0.85  -0.65028784
 -0.40  -0.10775365
  0.19   0.47242199
  0.71   0.88756703
  0.98   0.99265938
  0.91   0.75098725
  0.52   0.24697366


Tiempo Simulación acumulado: 38.958288 segundos
