0.000000000000000000e+00 0.000000000000000000e+00
2.000000000000000042e-02 1.980380000000000196e-01
4.000000000000000083e-02 3.921520000000000006e-01
5.999999999999999778e-02 5.823420000000000263e-01
8.000000000000000167e-02 7.686080000000000689e-01
1.000000000000000056e-01 9.509499999999999620e-01
1.200000000000000094e-01 1.129368000000000150e+00
1.400000000000000133e-01 1.303862000000000076e+00
1.600000000000000033e-01 1.474432000000000187e+00
1.799999999999999933e-01 1.641077999999999815e+00
1.999999999999999833e-01 1.803799999999999848e+00
2.199999999999999734e-01 1.962597999999999843e+00
2.399999999999999634e-01 2.117471999999999355e+00
2.599999999999999534e-01 2.268421999999999716e+00
2.799999999999999711e-01 2.415448000000000039e+00
2.999999999999999889e-01 2.558549999999999880e+00
3.200000000000000067e-01 2.697728000000000126e+00
3.400000000000000244e-01 2.832982000000000333e+00
3.600000000000000422e-01 2.964312000000000502e+00
3.800000000000000600e-01 3.091718000000000188e+00
4.000000000000000777e-01 3.215200000000000724e+00
4.200000000000000955e-01 3.334758000000000777e+00
4.400000000000001132e-01 3.450392000000000792e+00
4.600000000000001310e-01 3.562102000000000768e+00
4.800000000000001488e-01 3.669888000000001149e+00
5.000000000000001110e-01 3.773750000000000604e+00
5.200000000000001288e-01 3.873688000000000464e+00
5.400000000000001465e-01 3.969702000000000730e+00
5.600000000000001643e-01 4.061792000000000513e+00
5.800000000000001821e-01 4.149958000000000702e+00
6.000000000000001998e-01 4.234200000000000408e+00
6.200000000000002176e-01 4.314518000000000519e+00
6.400000000000002354e-01 4.390912000000000148e+00
6.600000000000002531e-01 4.463382000000001071e+00
6.800000000000002709e-01 4.531928000000000623e+00
7.000000000000002887e-01 4.596550000000000580e+00
7.200000000000003064e-01 4.657248000000000943e+00
7.400000000000003242e-01 4.714021999999999935e+00
7.600000000000003419e-01 4.766872000000000220e+00
7.800000000000003597e-01 4.815798000000000911e+00
8.000000000000003775e-01 4.860800000000001120e+00
8.200000000000003952e-01 4.901878000000001734e+00
8.400000000000004130e-01 4.939032000000000977e+00
8.600000000000004308e-01 4.972262000000001514e+00
8.800000000000004485e-01 5.001568000000000680e+00
9.000000000000004663e-01 5.026950000000001140e+00
9.200000000000004841e-01 5.048408000000000229e+00
9.400000000000005018e-01 5.065942000000000611e+00
9.600000000000005196e-01 5.079551999999999623e+00
9.800000000000005373e-01 5.089238000000000817e+00
1.000000000000000444e+00 5.094999999999998863e+00
1.020000000000000462e+00 5.096837999999999980e+00
1.040000000000000480e+00 5.094752000000000614e+00
1.060000000000000497e+00 5.088741999999999877e+00
1.080000000000000515e+00 5.078807999999997769e+00
1.100000000000000533e+00 5.064949999999999619e+00
1.120000000000000551e+00 5.047168000000000099e+00
1.140000000000000568e+00 5.025461999999999207e+00
1.160000000000000586e+00 4.999831999999997834e+00
1.180000000000000604e+00 4.970277999999998642e+00
1.200000000000000622e+00 4.936799999999998967e+00
1.220000000000000639e+00 4.899397999999998810e+00
1.240000000000000657e+00 4.858071999999997281e+00
1.260000000000000675e+00 4.812821999999997935e+00
1.280000000000000693e+00 4.763647999999998106e+00
1.300000000000000711e+00 4.710549999999997794e+00
1.320000000000000728e+00 4.653527999999996112e+00
1.340000000000000746e+00 4.592581999999996611e+00
1.360000000000000764e+00 4.527711999999997516e+00
1.380000000000000782e+00 4.458917999999997051e+00
1.400000000000000799e+00 4.386199999999995214e+00
1.420000000000000817e+00 4.309557999999997335e+00
1.440000000000000835e+00 4.228991999999996310e+00
1.460000000000000853e+00 4.144501999999995689e+00
1.480000000000000870e+00 4.056087999999995475e+00
1.500000000000000888e+00 3.963749999999995666e+00
1.520000000000000906e+00 3.867487999999996262e+00
1.540000000000000924e+00 3.767301999999993711e+00
1.560000000000000941e+00 3.663191999999993342e+00
1.580000000000000959e+00 3.555157999999993379e+00
1.600000000000000977e+00 3.443199999999993821e+00
1.620000000000000995e+00 3.327317999999992892e+00
1.640000000000001013e+00 3.207511999999994146e+00
1.660000000000001030e+00 3.083781999999990475e+00
1.680000000000001048e+00 2.956127999999992539e+00
1.700000000000001066e+00 2.824549999999991456e+00
1.720000000000001084e+00 2.689047999999990779e+00
1.740000000000001101e+00 2.549621999999994060e+00
1.760000000000001119e+00 2.406271999999992417e+00
1.780000000000001137e+00 2.258997999999991180e+00
1.800000000000001155e+00 2.107799999999988572e+00
1.820000000000001172e+00 1.952677999999988145e+00
1.840000000000001190e+00 1.793631999999991677e+00
1.860000000000001208e+00 1.630661999999990286e+00
1.880000000000001226e+00 1.463767999999987524e+00
1.900000000000001243e+00 1.292949999999990496e+00
1.920000000000001261e+00 1.118207999999988544e+00
1.940000000000001279e+00 9.395419999999852223e-01
1.960000000000001297e+00 7.569519999999876347e-01
1.980000000000001315e+00 5.704379999999851236e-01
2.000000000000001332e+00 3.799999999999883471e-01
2.020000000000001350e+00 1.856379999999866470e-01
