
     x     n*sin(x)

 -3.14  -3.04159265
 -2.94  -2.84159265
 -2.74  -2.64159265
 -2.54  -2.44159265
 -2.34  -2.24159265
 -2.14  -2.04159265
 -1.94  -1.84159265
 -1.74  -1.64159265
 -1.54  -1.44159265
 -1.34  -1.24159265
 -1.14  -1.04159265
 -0.94  -0.84159265
 -0.74  -0.64159265
 -0.54  -0.44159265
 -0.34  -0.24159265
 -0.14  -0.04159265
  0.06   0.15840735
  0.26   0.35840735
  0.46   0.55840735
  0.66   0.75840735
  0.86   0.95840735
  1.06   1.15840735
  1.26   1.35840735
  1.46   1.55840735
  1.66   1.75840735
  1.86   1.95840735
  2.06   2.15840735
  2.26   2.35840735
  2.46   2.55840735
  2.66   2.75840735
  2.86   2.95840735
  3.06  -0.00000000
 -0.10  -0.19866933
 -0.30  -0.38941834
 -0.48  -0.56464247
 -0.64  -0.71735609
 -0.78  -0.84147098
 -0.89  -0.93203909
 -0.96  -0.98544973
 -1.00  -0.99957360
 -0.99  -0.97384763
 -0.95  -0.90929743
 -0.86  -0.80849640
 -0.75  -0.67546318
 -0.60  -0.51550137
 -0.43  -0.33498815
 -0.24  -0.14112001
 -0.04   0.05837414
  0.16   0.25554110
  0.35   0.44252044
  0.53   0.61185789
  0.69   0.75680250
  0.82   0.87157577
  0.92   0.95160207
  0.98   0.99369100
  1.00   0.99616461
  0.98   0.95892427
  0.93   0.88345466
  0.83   0.77276449
  0.71   0.63126664
  0.55   0.46460218
  0.37   0.27941550
  0.18   0.08308940


Tiempo Simulación acumulado: 0.999336 segundos
