  0.0399999991  0.0170000009
  0.0799999982  0.0370000005
  0.119999997  0.0567334406
  0.159999996  0.0758867189
  0.199999988  0.0941504166
  0.239999995  0.111224212
  0.280000001  0.126821727
  0.319999993  0.140675247
  0.359999985  0.152540207
  0.399999976  0.162199378
  0.439999998  0.169466719
  0.479999989  0.174190775
  0.519999981  0.176257581
  0.560000002  0.175593078
  0.599999964  0.172164857
  0.639999986  0.165983334
  0.680000007  0.157102272
  0.719999969  0.145618588
  0.75999999  0.131671548
  0.799999952  0.115441203
  0.839999974  0.0971462503
  0.879999995  0.0770411789
  0.919999957  0.0554128513
  0.959999979  0.03257652
  1.  0.00887131505
  1.03999996 -0.0153446905
  1.07999992 -0.0396998003
  1.12 -0.0638143048
  1.15999997 -0.0873063132
  1.19999993 -0.109797716
  1.24000001 -0.130920157
  1.27999997 -0.150320962
  1.31999993 -0.167668939
  1.36000001 -0.182659894
  1.39999998 -0.195021793
  1.43999994 -0.204519585
  1.48000002 -0.210959435
  1.51999998 -0.21419242
  1.55999994 -0.214117557
  1.5999999 -0.210684165
  1.63999999 -0.203893408
  1.67999995 -0.193799123
  1.71999991 -0.180507794
  1.75999999 -0.164177686
  1.79999995 -0.145017222
  1.83999991 -0.123282447
  1.88 -0.0992738008
  1.91999996 -0.0733320862
  1.95999992 -0.045833759
  2. -0.0171855856
  2.03999996  0.0121812597
  2.07999992  0.0418175757
  2.11999989  0.0712628886
  2.15999985  0.100052506
  2.20000005  0.127724722
  2.24000001  0.153828114
  2.27999997  0.177928776
  2.31999993  0.199617416
  2.3599999  0.218516141
  2.39999986  0.234284863
  2.44000006  0.246627241
  2.48000002  0.255296052
  2.51999998  0.260097742
  2.55999994  0.260896385
  2.5999999  0.257616699
  2.63999987  0.250246137
  2.67999983  0.238836154
  2.72000003  0.223502323
  2.75999999  0.204423532
  2.79999995  0.181840226
  2.83999991  0.156051561
  2.87999988  0.127411634
  2.91999984  0.0963248238
  2.96000004  0.0632402003
  3.  0.0286452044
  3.03999996 -0.00694139767
  3.07999992 -0.042977158
  3.11999989 -0.0789040774
  3.15999985 -0.11415711
  3.19999981 -0.14817293
  3.24000001 -0.180398762
  3.27999997 -0.21030125
  3.31999993 -0.237375081
  3.3599999 -0.261151373
  3.39999986 -0.281205654
  3.43999982 -0.297165066
  3.48000002 -0.308715165
  3.51999998 -0.31560573
  3.55999994 -0.317655623
  3.5999999 -0.31475684
  3.63999987 -0.306877196
  3.67999983 -0.294062167
  3.72000003 -0.276435316
  3.75999999 -0.254197568
  3.79999995 -0.22762531
  3.83999991 -0.197067231
  3.87999988 -0.162939996
  3.91999984 -0.125722736
  3.9599998 -0.0859505832
  4. -0.0442070998
  4.03999996 -0.00111591327
  4.07999992  0.0426684432
  4.11999989  0.086470291
  4.15999985  0.129603103
  4.19999981  0.171380058
  4.23999977  0.211124837
  4.27999973  0.248182371
  4.31999969  0.281929463
  4.36000013  0.311785072
  4.4000001  0.337220013
  4.44000006  0.357766181
  4.48000002  0.373024732
  4.51999998  0.382673502
  4.55999994  0.386473238
  4.5999999  0.384272665
  4.63999987  0.376012176
  4.67999983  0.361726314
  4.71999979  0.341544569
  4.75999975  0.315690964
  4.79999971  0.284481943
  4.83999968  0.248322874
  4.88000011  0.207703128
  4.92000008  0.163189679
  4.96000004  0.115419455
  5.  0.0650904179
  5.03999996  0.0129515994
  5.07999992 -0.0402078368
  5.11999989 -0.0935703516
  5.15999985 -0.146302402
  5.19999981 -0.197567269
  5.23999977 -0.246538118
  5.27999973 -0.292411119
  5.31999969 -0.334418386
  5.35999966 -0.371840656
  5.4000001 -0.404019237
  5.44000006 -0.43036738
  5.48000002 -0.450380474
  5.51999998 -0.463645428
  5.55999994 -0.469848394
  5.5999999 -0.468781412
  5.63999987 -0.460347205
  5.67999983 -0.444562495
  5.71999979 -0.421559542
  5.75999975 -0.391585857
  5.79999971 -0.355002135
  5.83999968 -0.31227833
  5.87999964 -0.263988107
  5.92000008 -0.210801348
  5.96000004 -0.153475255
  6. -0.0928437933
  6.03999996 -0.0298058409
  6.07999992  0.0346878991
  6.11999989  0.0996489972
  6.15999985  0.164066195
  6.19999981  0.226920888
  6.23999977  0.287203014
  6.27999973  0.343927026
  6.31999969  0.396147698
  6.35999966  0.442975581
  6.39999962  0.483591884
  6.44000006  0.51726234
  6.48000002  0.543350041
  6.51999998  0.5613271
  6.55999994  0.57078439
  6.5999999  0.571440101
  6.63999987  0.563145936
  6.67999983  0.545891583
  6.71999979  0.5198071
  6.75999975  0.485163033
  6.79999971  0.442368388
  6.83999968  0.391966373
  6.87999964  0.334628016
  6.92000008  0.271143645
  6.96000004  0.202412292
  7.  0.129429415
  7.03999996  0.0532727093
  7.07999992 -0.0249134488
  7.11999989 -0.103934921
  7.15999985 -0.182565749
  7.19999981 -0.259566873
  7.23999977 -0.333705366
  7.27999973 -0.403773844
  7.31999969 -0.46860984
  7.35999966 -0.52711463
  7.39999962 -0.578271627
  7.44000006 -0.621163487
  7.48000002 -0.65498805
  7.51999998 -0.679072738
  7.55999994 -0.692887247
  7.5999999 -0.696053863
  7.63999987 -0.688356042
  7.67999983 -0.669744074
  7.71999979 -0.640338719
  7.75999975 -0.60043174
  7.79999971 -0.55048424
  7.83999968 -0.491121978
  7.87999964 -0.423128128
  7.9199996 -0.347433507
  7.96000004 -0.265104234
  8. -0.177327201
  8.03999996 -0.0853933245
  8.07999992  0.00932104792
  8.11999989  0.105374388
  8.15999985  0.201281577
  8.19999981  0.295536488
  8.23999977  0.386635303
  8.27999973  0.473100126
  8.31999969  0.5535025
  8.35999966  0.626486659
  8.39999962  0.690791905
  8.43999958  0.745273829
  8.47999954  0.788924158
  8.5199995  0.820888579
  8.55999947  0.840482652
  8.59999943  0.847205222
  8.63999939  0.840749025
  8.67999935  0.821008623
  8.72000027  0.788085282
  8.76000023  0.74228853
  8.80000019  0.684134603
  8.84000015  0.614341617
  8.88000011  0.533821344
  8.92000008  0.443668216
  8.96000004  0.345144778
  9.  0.239664614
  9.03999996  0.128772572
  9.07999992  0.0141225914
  9.11999989 -0.102546543
  9.15999985 -0.219437122
  9.19999981 -0.334719777
  9.23999977 -0.446561664
  9.27999973 -0.553155124
  9.31999969 -0.652746499
  9.35999966 -0.743664384
  9.39999962 -0.824347258
  9.43999958 -0.893369436
  9.47999954 -0.949465871
  9.5199995 -0.99155426
  9.55999947 -1.01875508
  9.59999943 -1.03040826
  9.63999939 -1.0260874
  9.67999935 -1.00560975
  9.71999931 -0.969043016
  9.76000023 -0.916708291
  9.80000019 -0.84917897
  9.84000015 -0.767275691
  9.88000011 -0.672057271
  9.92000008 -0.564807951
  9.96000004 -0.447020799
  10. -0.320377439
