   0.00000000       0.00000000    
   247.486923       247.487823    
   494.973846       492.525635    
   742.460754       735.113464    
   989.947693       975.251282    
   1237.43457       1212.93909    
   1484.92151       1448.17688    
   1732.40845       1680.96472    
   1979.89539       1911.30261    
   2227.38232       2139.19043    
   2474.86914       2364.62817    
   2722.35596       2587.61597    
   2969.84277       2808.15381    
   3217.32959       3026.24170    
   3464.81641       3241.87964    
   3712.30322       3455.06738    
   3959.79004       3665.80518    
   4207.27686       3874.09302    
   4454.76367       4079.93091    
   4702.25049       4283.31885    
   4949.73730       4484.25684    
   5197.22412       4682.74463    
   5444.71094       4878.78271    
   5692.19775       5072.37061    
   5939.68457       5263.50830    
   6187.17139       5452.19629    
   6434.65820       5638.43408    
   6682.14502       5822.22217    
   6929.63184       6003.56006    
   7177.11865       6182.44775    
   7424.60547       6358.88574    
   7672.09229       6532.87354    
   7919.57910       6704.41162    
   8167.06592       6873.49951    
   8414.55273       7040.13721    
   8662.04004       7204.32520    
   8909.52734       7366.06299    
   9157.01465       7525.35107    
   9404.50195       7682.18896    
   9651.98926       7836.57715    
   9899.47656       7988.51514    
   10146.9639       8138.00293    
   10394.4512       8285.04102    
   10641.9385       8429.62891    
   10889.4258       8571.76660    
   11136.9131       8711.45410    
   11384.4004       8848.69238    
   11631.8877       8983.48047    
   11879.3750       9115.81836    
   12126.8623       9245.70605    
   12374.3496       9373.14355    
   12621.8369       9498.13184    
   12869.3242       9620.66992    
   13116.8115       9740.75781    
   13364.2988       9858.39551    
   13611.7861       9973.58398    
   13859.2734       10086.3223    
   14106.7607       10196.6104    
   14354.2480       10304.4482    
   14601.7354       10409.8359    
   14849.2227       10512.7744    
   15096.7100       10613.2627    
   15344.1973       10711.3008    
   15591.6846       10806.8887    
   15839.1719       10900.0264    
   16086.6592       10990.7148    
   16334.1465       11078.9531    
   16581.6328       11164.7412    
   16829.1191       11248.0791    
   17076.6055       11328.9668    
   17324.0918       11407.4053    
   17571.5781       11483.3936    
   17819.0645       11556.9316    
   18066.5508       11628.0195    
   18314.0371       11696.6572    
   18561.5234       11762.8457    
   18809.0098       11826.5840    
   19056.4961       11887.8721    
   19303.9824       11946.7100    
   19551.4688       12003.0977    
   19798.9551       12057.0361    
   20046.4414       12108.5244    
   20293.9277       12157.5625    
   20541.4141       12204.1504    
   20788.9004       12248.2881    
   21036.3867       12289.9766    
   21283.8730       12329.2148    
   21531.3594       12366.0029    
   21778.8457       12400.3408    
   22026.3320       12432.2285    
   22273.8184       12461.6670    
   22521.3047       12488.6553    
   22768.7910       12513.1934    
   23016.2773       12535.2812    
   23263.7637       12554.9189    
   23511.2500       12572.1074    
   23758.7363       12586.8457    
   24006.2227       12599.1338    
   24253.7090       12608.9717    
   24501.1953       12616.3594    
   24748.6816       12621.2979    
   24996.1680       12623.7861    
   25243.6543       12623.8242    
   25491.1406       12621.4121    
   25738.6270       12616.5498    
   25986.1133       12609.2383    
   26233.5996       12599.4766    
   26481.0859       12587.2646    
   26728.5723       12572.6025    
   26976.0586       12555.4902    
   27223.5449       12535.9287    
   27471.0312       12513.9170    
   27718.5176       12489.4551    
   27966.0039       12462.5430    
   28213.4902       12433.1807    
   28460.9766       12401.3691    
   28708.4629       12367.1074    
   28955.9492       12330.3955    
   29203.4355       12291.2334    
   29450.9219       12249.6211    
   29698.4082       12205.5596    
   29945.8945       12159.0479    
   30193.3809       12110.0859    
   30440.8672       12058.6738    
   30688.3535       12004.8115    
   30935.8398       11948.5000    
   31183.3262       11889.7383    
   31430.8125       11828.5264    
   31678.2988       11764.8643    
   31925.7852       11698.7520    
   32173.2715       11630.1904    
   32420.7578       11559.1787    
   32668.2441       11485.7168    
   32915.7305       11409.8047    
   33163.2188       11331.4424    
   33410.7070       11250.6309    
   33658.1953       11167.3691    
   33905.6836       11081.6572    
   34153.1719       10993.4951    
   34400.6602       10902.8828    
   34648.1484       10809.8213    
   34895.6367       10714.3096    
   35143.1250       10616.3477    
   35390.6133       10515.9355    
   35638.1016       10413.0732    
   35885.5898       10307.7617    
   36133.0781       10200.0000    
   36380.5664       10089.7881    
   36628.0547       9977.12598    
   36875.5430       9862.01367    
   37123.0312       9744.45215    
   37370.5195       9624.44043    
   37618.0078       9501.97852    
   37865.4961       9377.06641    
   38112.9844       9249.70410    
   38360.4727       9119.89258    
   38607.9609       8987.63086    
   38855.4492       8852.91895    
   39102.9375       8715.75684    
   39350.4258       8576.14453    
   39597.9141       8434.08301    
   39845.4023       8289.57129    
   40092.8906       8142.60938    
   40340.3789       7993.19727    
   40587.8672       7841.33545    
   40835.3555       7687.02344    
   41082.8438       7530.26172    
   41330.3320       7371.04980    
   41577.8203       7209.38770    
   41825.3086       7045.27588    
   42072.7969       6878.71387    
   42320.2852       6709.70215    
   42567.7734       6538.24023    
   42815.2617       6364.32861    
   43062.7500       6187.96680    
   43310.2383       6009.15479    
   43557.7266       5827.89307    
   43805.2148       5644.18115    
   44052.7031       5458.01953    
   44300.1914       5269.40771    
   44547.6797       5078.34570    
   44795.1680       4884.83398    
   45042.6562       4688.87207    
   45290.1445       4490.46045    
   45537.6328       4289.59863    
   45785.1211       4086.28687    
   46032.6094       3880.52515    
   46280.0977       3672.31323    
   46527.5859       3461.65137    
   46775.0742       3248.53955    
   47022.5625       3032.97778    
   47270.0508       2814.96606    
   47517.5391       2594.50439    
   47765.0273       2371.59253    
   48012.5156       2146.23071    
   48260.0039       1918.41895    
   48507.4922       1688.15723    
   48754.9805       1455.44543    
   49002.4688       1220.28369    
   49249.9570       982.671936    
   49497.4453       742.610168    
   49744.9336       500.098389    
