
     x     n*sin(x)

 -3.14  -3.04159265
 -2.94  -2.84159265
 -2.74  -2.64159265
 -2.54  -2.44159265
 -2.34  -2.24159265
 -2.14  -2.04159265
 -1.94  -1.84159265
 -1.74  -1.64159265
 -1.54  -1.44159265
 -1.34  -1.24159265
 -1.14  -1.04159265
 -0.94  -0.84159265
 -0.74  -0.64159265
 -0.54  -0.44159265
 -0.34  -0.24159265
 -0.14  -0.04159265
  0.06   0.15840735
  0.26   0.35840735
  0.46   0.55840735
  0.66   0.75840735
  0.86   0.95840735
  1.06   1.15840735
  1.26   1.35840735
  1.46   1.55840735
  1.66   1.75840735
  1.86   1.95840735
  2.06   2.15840735
  2.26   2.35840735
  2.46   2.55840735
  2.66   2.75840735
  2.86   2.95840735
  3.06   0.00000000
  0.20   0.38941834
  0.56   0.71735609
  0.84   0.93203909
  0.99   0.99957360
  0.97   0.90929743
  0.81   0.67546318
  0.52   0.33498815
  0.14  -0.05837414
 -0.26  -0.44252044
 -0.61  -0.75680250
 -0.87  -0.95160207
 -0.99  -0.99616461
 -0.96  -0.88345466
 -0.77  -0.63126664
 -0.46  -0.27941550
 -0.08   0.11654920
  0.31   0.49411335
  0.66   0.79366786
  0.90   0.96791967
  1.00   0.98935825
  0.94   0.85459891
  0.73   0.58491719
  0.41   0.22288991
  0.02  -0.17432678
 -0.37  -0.54402111
 -0.70  -0.82782647
 -0.92  -0.98093623
 -1.00  -0.97917773
 -0.92  -0.82282859
 -0.69  -0.53657292
 -0.36  -0.16560418


Tiempo Simulación acumulado: 36.633628 segundos
