  0.1  0.0620185797
  0.15  0.0680326792
  0.2  0.0740407531
  0.25  0.0800379068
  0.3  0.0860230673
  0.35  0.0919993377
  0.4  0.0979729032
  0.45  0.103950884
  0.5  0.109938874
  0.55  0.115938992
  0.6  0.12194913
  0.65  0.127963669
  0.7  0.133975444
  0.75  0.139978261
  0.8  0.145969067
  0.85  0.151949003
  0.9  0.157922984
  0.95  0.163897987
  1.  0.169880635
  1.05  0.175874905
  1.1  0.181880728
  1.15  0.187893999
  1.2  0.193908
  1.25  0.199915754
  1.3  0.205912478
  1.35  0.21189725
  1.4  0.217873308
  1.45  0.223846909
  1.5  0.229825163
  1.55  0.235813568
  1.6  0.241814099
  1.65  0.247824503
  1.7  0.253839068
  1.75  0.259850619
  1.8  0.265853042
  1.85  0.271843421
  1.9  0.277823046
  1.95  0.283796939
  2.  0.289772108
  2.05  0.295755119
  2.1  0.301749821
  2.15  0.307755997
  2.2  0.313769417
  2.25  0.31978331
  2.3  0.325790737
  2.35  0.331787031
  2.4  0.337771419
  2.45  0.343747272
  2.5  0.349720919
  2.55  0.355699453
  2.6  0.361688275
  2.65  0.367689216
  2.7  0.373699879
  2.75  0.37971446
  2.8  0.385725781
  2.85  0.391727806
  2.9  0.397717759
  2.95  0.403697079
  3.  0.409670893
  3.05  0.415646237
  3.1  0.421629615
  3.15  0.42762475
  3.2  0.433631273
  3.25  0.439644833
  3.3  0.445658609
  3.35  0.451665705
  3.4  0.457661567
  3.45  0.463645575
  3.5  0.469621231
  3.55  0.475594932
  3.6  0.481573753
  3.65  0.487562996
  3.7  0.493564343
  3.75  0.499575257
  3.8  0.505589846
  3.85  0.511600928
  3.9  0.517602551
  3.95  0.523592081
  4.  0.529571102
  4.05  0.535544847
  4.1  0.541520373
  4.15  0.547504123
  4.2  0.553499691
  4.25  0.559506556
  4.3  0.565520247
  4.35  0.571533898
  4.4  0.577540655
  4.45  0.583536085
  4.5  0.589519717
  4.55  0.595495184
  4.6  0.60146895
  4.65  0.607448065
  4.7  0.613437729
  4.75  0.61943948
  4.8  0.625450638
  4.85  0.631465225
  4.9  0.63747606
  4.95  0.643477279
  5.  0.649466387
  5.05  0.655445117
  5.1  0.6614188
  5.15  0.667394517
  5.2  0.673378644
  5.25  0.679374644
  5.3  0.685381845
  5.35  0.691395658
  5.4  0.697409175
  5.45  0.703415588
  5.5  0.709410586
  5.55  0.715393847
  5.6  0.721369134
  5.65  0.727342972
  5.7  0.733322387
  5.75  0.739312475
  5.8  0.745314626
  5.85  0.75132602
  5.9  0.757340597
  5.95  0.763351178
  6.  0.769351989
  6.05  0.775340678
  6.1  0.781319122
  6.15  0.787292753
  6.2  0.79326867
  6.25  0.799253178
  6.3  0.805249608
  6.35  0.811257139
  6.4  0.817271067
  6.45  0.82328444
  6.5  0.829290504
  6.55  0.835285069
  6.6  0.841267964
  6.65  0.847243078
  6.7  0.853216998
  6.75  0.85919672
  6.8  0.865187234
  6.85  0.871189781
  6.9  0.877201404
  6.95  0.883215961
  7.  0.889226281
  7.05  0.89522668
  7.1  0.901214952
  7.15  0.907193118
  7.2  0.913166707
  7.25  0.919142831
  7.3  0.925127725
  7.35  0.931124584
  7.4  0.93713244
  7.45  0.943146472
  7.5  0.949159694
  7.55  0.955165403
  7.6  0.961159534
  7.65  0.967142068
  7.7  0.973117019
  7.75  0.979091029
  7.8  0.985071064
  7.85  0.991062006
  7.9  0.997064946
  7.95  1.00307679
  8.  1.00909132
  8.05  1.01510137
  8.1  1.02110135
  8.15  1.02708921
  8.2  1.03306711
  8.25  1.03904066
  8.3  1.045017
  8.35  1.05100228
  8.4  1.05699957
  8.45  1.06300775
  8.5  1.06902187
  8.55  1.07503494
  8.6  1.08104028
  8.65  1.08703398
  8.7  1.09301616
  8.75  1.09899096
  8.8  1.10496507
  8.85  1.11094542
  8.9  1.11693679
  8.95  1.12294012
  9.  1.12895218
  9.05  1.13496666
  9.1  1.14097644
  9.15  1.14697601
  9.2  1.15296346
  9.25  1.15894109
  9.3  1.16491462
  9.35  1.17089118
  9.4  1.17687686
  9.45  1.18287457
  9.5  1.18888306
  9.55  1.19489727
  9.6  1.20091016
  9.65  1.20691515
  9.7  1.21290841
  9.75  1.21889024
  9.8  1.22486489
  9.85  1.23083911
  9.9  1.23681979
  9.95  1.24281159
  10.  1.2488153
  10.05  1.25482756
  10.1  1.260842
  10.15  1.2668515
  10.2  1.27285065
  10.25  1.27883768
  10.3  1.28481506
  10.35  1.29078857
  10.4  1.29676537
  10.45  1.30275144
  10.5  1.30874958
  10.55  1.31475837
  10.6  1.32077266
  10.65  1.32678538
  10.7  1.33279
  10.75  1.33878283
  10.8  1.34476431
  10.85  1.35073882
  10.9  1.35671315
  10.95  1.36269417
  11.  1.3686864
  11.05  1.37469049
  11.1  1.38070295
  11.15  1.38671733
  11.2  1.39272654
  11.25  1.39872527
  11.3  1.4047119
  11.35  1.41068902
  11.4  1.41666253
  11.45  1.42263956
  11.5  1.42862604
  11.55  1.4346246
  11.6  1.44063369
  11.65  1.44664805
  11.7  1.45266058
  11.75  1.45866483
  11.8  1.46465722
  11.85  1.47063837
  11.9  1.47661275
  11.95  1.48258721
  12.  1.48856856
  12.05  1.49456122
  12.1  1.50056569
  12.15  1.50657834
  12.2  1.51259266
  12.25  1.51860156
  12.3  1.52459987
  12.35  1.5305861
  12.4  1.53656298
  12.45  1.54253649
  12.5  1.54851377
  12.55  1.55450065
  12.6  1.56049964
  12.65  1.56650902
  12.7  1.57252344
  12.75  1.57853577
  12.8  1.58453964
  12.85  1.5905316
  12.9  1.59651241
  12.95  1.60248667
  13.  1.60846127
  13.05  1.61444296
  13.1  1.62043606
  13.15  1.6264409
  13.2  1.63245372
  13.25  1.63846797
  13.3  1.64447657
  13.35  1.65047445
  13.4  1.65646028
  13.45  1.66243693
  13.5  1.66841046
  13.55  1.67438799
  13.6  1.68037527
  13.65  1.68637468
  13.7  1.69238434
  13.75  1.69839882
  13.8  1.70441095
  13.85  1.71041443
  13.9  1.71640597
  13.95  1.72238645
  14.  1.7283606
  14.05  1.73433533
  14.1  1.74031737
  14.15  1.7463109
  14.2  1.75231611
  14.25  1.75832911
  14.3  1.76434327
  14.35  1.77035156
  14.4  1.77634902
  14.45  1.78233445
  14.5  1.78831088
  14.55  1.79428442
  14.6  1.80026221
  14.65  1.80624991
  14.7  1.81224973
  14.75  1.81825968
  14.8  1.82427419
  14.85  1.83028612
  14.9  1.83628921
  14.95  1.84228031
  15.  1.84826047
  15.05  1.85423452
  15.1  1.86020941
  15.15  1.8661918
  15.2  1.87218576
  15.25  1.87819133
  15.3  1.88420449
  15.35  1.89021856
  15.4  1.89622654
  15.45  1.90222357
  15.5  1.90820861
  15.55  1.91418482
  15.6  1.92015839
  15.65  1.92613645
  15.7  1.93212456
  15.75  1.9381248
  15.8  1.94413501
  15.85  1.95014956
  15.9  1.95616127
  15.95  1.96216397
  16.  1.96815464
  16.05  1.97413449
  16.1  1.98010844
  16.15  1.98608349
  16.2  1.99206624
  16.25  1.99806064
  16.3  2.00406656
  16.35  2.01007988
  16.4  2.01609384
  16.45  2.0221015
  16.5  2.0280981
  16.55  2.03408275
  16.6  2.04005875
  16.65  2.04603236
  16.7  2.0520107
  16.75  2.05799922
  16.8  2.06399987
  16.85  2.07001035
  16.9  2.07602492
  16.95  2.0820364
  17.  2.08803871
  17.05  2.09402896
  17.1  2.10000849
  17.15  2.10598236
  17.2  2.11195758
  17.25  2.11794069
  17.3  2.12393552
  17.35  2.1299418
  17.4  2.13595526
  17.45  2.14196911
  17.5  2.14797644
  17.55  2.15397261
  17.6  2.15995688
  17.65  2.16593268
  17.7  2.17190634
  17.75  2.17788495
  17.8  2.1838739
  17.85  2.18987495
  17.9  2.19588569
  17.95  2.20190027
  18.  2.20791152
  18.05  2.21391343
  18.1  2.21990326
  18.15  2.22588249
  18.2  2.23185628
  18.25  2.23783167
  18.3  2.24381516
  18.35  2.24981042
  18.4  2.25581704
  18.45  2.26183064
  18.5  2.26784438
  18.55  2.27385137
  18.6  2.2798471
  18.65  2.285831
  18.7  2.2918066
  18.75  2.29778032
  18.8  2.30375922
  18.85  2.30974858
  18.9  2.31575005
  18.95  2.32176103
  19.  2.32777562
  19.05  2.33378663
  19.1  2.33978813
  19.15  2.34577754
  19.2  2.35175647
  19.25  2.35773019
  19.3  2.36370577
  19.35  2.36968963
  19.4  2.37568533
  19.45  2.38169229
  19.5  2.38770601
  19.55  2.39371962
  19.6  2.39972628
  19.65  2.40572158
  19.7  2.4117051
  19.75  2.41768051
  19.8  2.4236543
  19.85  2.4296335
  19.9  2.43562329
  19.95  2.44162515
  20.  2.44763638
  20.05  2.45365096
  20.1  2.45966172
  20.15  2.46566282
  20.2  2.4716518
  20.25  2.47763045
  20.3  2.48360411
  20.35  2.48957988
  20.4  2.49556412
  20.45  2.50156025
  20.5  2.50756754
  20.55  2.51358139
  20.6  2.51959486
  20.65  2.52560117
  20.7  2.53159604
  20.75  2.53757919
  20.8  2.54355443
  20.85  2.54952829
  20.9  2.55550779
  20.95  2.561498
  21.  2.56750027
  21.05  2.57351173
  21.1  2.5795263
  21.15  2.5855368
  21.2  2.59153749
  21.25  2.59752605
  21.3  2.60350441
  21.35  2.60947803
  21.4  2.615454
  21.45  2.62143862
  21.5  2.62743518
  21.55  2.6334428
  21.6  2.63945676
  21.65  2.64547009
  21.7  2.65147605
  21.75  2.65747048
  21.8  2.66345327
  21.85  2.66942833
  21.9  2.67540228
  21.95  2.68138209
  22.  2.68737273
  22.05  2.69337539
  22.1  2.69938707
  22.15  2.70540162
  22.2  2.71141186
  22.25  2.71741214
  22.3  2.72340029
  22.35  2.72937837
  22.4  2.73535195
  22.45  2.74132813
  22.5  2.74731314
  22.55  2.75331012
  22.6  2.75931807
  22.65  2.76533213
  22.7  2.7713453
  22.75  2.77735091
  22.8  2.78334491
  22.85  2.78932734
  22.9  2.79530224
  22.95  2.80127628
  23.  2.8072564
  23.05  2.81324747
  23.1  2.81925052
  23.15  2.82526242
  23.2  2.83127694
  23.25  2.83728691
  23.3  2.84328677
  23.35  2.84927451
  23.4  2.85525232
  23.45  2.86122587
  23.5  2.86720227
  23.55  2.87318767
  23.6  2.87918508
  23.65  2.88519334
  23.7  2.89120749
  23.75  2.8972205
  23.8  2.90322575
  23.85  2.90921932
  23.9  2.91520139
  23.95  2.92117614
  24.  2.92715028
  24.05  2.93313072
  24.1  2.93912222
  24.15  2.94512566
  24.2  2.95113777
  24.25  2.95715225
  24.3  2.96316194
  24.35  2.96916139
  24.4  2.97514871
  24.45  2.98112626
  24.5  2.98709979
  24.55  2.99307641
  24.6  2.99906221
  24.65  3.00506004
  24.7  3.01106862
  24.75  3.01708285
  24.8  3.02309569
  24.85  3.02910057
  24.9  3.03509371
  24.95  3.04107543
  25.  3.04705004
  25.05  3.05302429
  25.1  3.05900506
  25.15  3.06499698
  25.2  3.07100081
  25.25  3.07701312
  25.3  3.08302755
  25.35  3.08903696
  25.4  3.09503598
  25.45  3.1010229
  25.5  3.1070002
  25.55  3.11297371
  25.6  3.11895057
  25.65  3.12493676
  25.7  3.13093502
  25.75  3.1369439
  25.8  3.14295821
  25.85  3.14897087
  25.9  3.15497538
  25.95  3.16096808
  26.  3.16694946
  26.05  3.17292393
  26.1  3.1788983
  26.15  3.18487941
  26.2  3.19087176
  26.25  3.19687596
  26.3  3.20288848
  26.35  3.20890284
  26.4  3.21491196
  26.45  3.22091056
  26.5  3.22689707
  26.55  3.23287413
  26.6  3.23884763
  26.65  3.24482473
  26.7  3.25081132
  26.75  3.25681001
  26.8  3.26281918
  26.85  3.26883356
  26.9  3.27484603
  26.95  3.28085016
  27.  3.28684244
  27.05  3.29282348
  27.1  3.29879782
  27.15  3.30477232
  27.2  3.31075377
  27.25  3.31674655
  27.3  3.32275113
  27.35  3.32876383
  27.4  3.33477812
  27.45  3.34078694
  27.5  3.34678512
  27.55  3.35277123
  27.6  3.35874805
  27.65  3.36472156
  27.7  3.37069891
  27.75  3.3766859
  27.8  3.38268501
  27.85  3.38869447
  27.9  3.39470891
  27.95  3.40072119
  28.  3.40672493
  28.05  3.41271677
  28.1  3.41869748
  28.15  3.42467171
  28.2  3.43064634
  28.25  3.43662814
  28.3  3.44262136
  28.35  3.4486263
  28.4  3.45463918
  28.45  3.4606534
  28.5  3.46666191
  28.55  3.47265967
  28.6  3.47864538
  28.65  3.48462196
  28.7  3.49059549
  28.75  3.49657309
  28.8  3.50256049
  28.85  3.50856002
  28.9  3.51456977
  28.95  3.52058425
  29.  3.52659632
  29.05  3.53259969
  29.1  3.5385911
  29.15  3.54457148
  29.2  3.5505456
  29.25  3.55652038
  29.3  3.56250252
  29.35  3.56849617
  29.4  3.57450148
  29.45  3.58051453
  29.5  3.58652866
  29.55  3.59253686
  29.6  3.59853419
  29.65  3.60451951
  29.7  3.61049587
  29.75  3.61646942
  29.8  3.62244728
  29.85  3.6284351
  29.9  3.63443504
  29.95  3.64044506
  30.  3.64645958
  30.05  3.65247145
  30.1  3.65847442
  30.15  3.6644654
  30.2  3.67044547
  30.25  3.67641948
  30.3  3.68239442
  30.35  3.68837691
  30.4  3.694371
  30.45  3.70037667
  30.5  3.70638987
  30.55  3.71240391
  30.6  3.7184118
  30.65  3.7244087
  30.7  3.73039363
  30.75  3.73636977
  30.8  3.74234335
  30.85  3.74832149
  30.9  3.75430972
  30.95  3.76031007
  31.  3.76632036
  31.05  3.77233491
  31.1  3.77834656
  31.15  3.78434914
  31.2  3.79033969
  31.25  3.79631944
  31.3  3.80229337
  31.35  3.80826846
  31.4  3.81425132
  31.45  3.82024584
  31.5  3.82625187
  31.55  3.83226522
  31.6  3.83827916
  31.65  3.84428672
  31.7  3.85028319
  31.75  3.85626773
  31.8  3.86224366
  31.85  3.86821729
  31.9  3.8741957
  31.95  3.88018435
  32.  3.88618511
  32.05  3.89219567
  32.1  3.89821024
  32.15  3.90422165
  32.2  3.91022384
  32.25  3.91621397
  32.3  3.92219341
  32.35  3.92816725
  32.4  3.93414252
  32.45  3.94012574
  32.5  3.94612069
  32.55  3.95212707
  32.6  3.95814057
  32.65  3.96415439
  32.7  3.97016162
  32.75  3.97615766
  32.8  3.98214182
  32.85  3.98811755
  32.9  3.99409123
  32.95  4.00006993
  33.  4.00605899
  33.05  4.01206016
  33.1  4.01807097
  33.15  4.02408556
  33.2  4.03009673
  33.25  4.03609852
  33.3  4.04208822
  33.35  4.04806737
  33.4  4.05404113
  33.45  4.06001658
  33.5  4.06600017
  33.55  4.07199556
  33.6  4.07800228
  33.65  4.08401591
  33.7  4.09002961
  33.75  4.09603651
  33.8  4.10203211
  33.85  4.1080159
  33.9  4.11399144
  33.95  4.11996517
  34.  4.12594416
  34.05  4.13193365
  34.1  4.13793523
  34.15  4.14394628
  34.2  4.14996087
  34.25  4.1559718
  34.3  4.16197318
  34.35  4.16796247
  34.4  4.17394131
  34.45  4.17991502
  34.5  4.18589065
  34.55  4.19187462
  34.6  4.19787043
  34.65  4.20387749
  34.7  4.20989125
  34.75  4.21590482
  34.8  4.22191137
  34.85  4.22790655
  34.9  4.23388996
  34.95  4.23986532
  35.  4.24583912
  35.05  4.25181841
  35.1  4.25780832
  35.15  4.2638103
  35.2  4.26982159
  35.25  4.27583617
  35.3  4.28184685
  35.35  4.28784783
  35.4  4.29383669
  35.45  4.29981525
  35.5  4.3057889
  35.55  4.31176473
  35.6  4.31774907
  35.65  4.32374532
  35.7  4.32975271
  35.75  4.33576659
  35.8  4.34178002
  35.85  4.34778623
  35.9  4.35378097
  35.95  4.35976401
  36.  4.36573919
  36.05  4.37171307
  36.1  4.37769266
  36.15  4.383683
  36.2  4.38968538
  36.25  4.3956969
  36.3  4.40171146
  36.35  4.40772189
  36.4  4.41372246
  36.45  4.4197109
  36.5  4.42568918
  36.55  4.43166278
  36.6  4.43763881
  36.65  4.44362354
  36.7  4.44962022
  36.75  4.45562794
  36.8  4.46164192
  36.85  4.46765521
  36.9  4.47366106
  36.95  4.47965537
  37.  4.48563805
  37.05  4.49161306
  37.1  4.49758703
  37.15  4.50356693
  37.2  4.50955769
  37.25  4.51556047
  37.3  4.52157221
  37.35  4.52758675
  37.4  4.53359691
  37.45  4.53959707
  37.5  4.5455851
  37.55  4.5515631
  37.6  4.55753666
  37.65  4.56351291
  37.7  4.56949802
  37.75  4.57549513
  37.8  4.58150317
  37.85  4.58751725
  37.9  4.59353038
  37.95  4.59953588
  38.  4.60552975
  38.05  4.61151208
  38.1  4.61748693
  38.15  4.623461
  38.2  4.62944121
  38.25  4.6354324
  38.3  4.64143556
  38.35  4.64744753
  38.4  4.65346203
  38.45  4.65947192
  38.5  4.66547166
  38.55  4.67145927
  38.6  4.67743701
  38.65  4.68341055
  38.7  4.68938701
  38.75  4.69537252
  38.8  4.70137005
  38.85  4.70737841
  38.9  4.71339258
  38.95  4.71940554
  39.  4.72541068
  39.05  4.73140412
  39.1  4.73738609
  39.15  4.7433608
  39.2  4.74933496
  39.25  4.7553155
  39.3  4.76130712
  39.35  4.76731067
  39.4  4.77332284
  39.45  4.7793373
  39.5  4.78534691
  39.55  4.79134623
  39.6  4.79733344
  39.65  4.80331092
  39.7  4.80928443
  39.75  4.81526112
  39.8  4.82124703
  39.85  4.82724499
  39.9  4.83325365
  39.95  4.83926791
  40.  4.84528069
  40.05  4.85128546
  40.1  4.85727847
  40.15  4.86326009
  40.2  4.86923466
  40.25  4.87520894
  40.3  4.88118981
  40.35  4.88718185
  40.4  4.89318579
  40.45  4.89919816
  40.5  4.90521257
  40.55  4.91122189
  40.6  4.91722079
  40.65  4.92320759
  40.7  4.92918481
  40.75  4.93515832
  40.8  4.94113525
  40.85  4.94712155
  40.9  4.95311993
  40.95  4.95912889
  41.  4.96514322
  41.05  4.97115583
  41.1  4.97716023
  41.15  4.9831528
  41.2  4.98913408
  41.25  4.99510851
  41.3  5.00108292
  41.35  5.00706412
  41.4  5.0130566
  41.45  5.01906091
  41.5  5.02507347
  41.55  5.03108782
  41.6  5.03709685
  41.65  5.04309533
  41.7  5.04908172
  41.75  5.0550587
  41.8  5.06103221
  41.85  5.06700938
  41.9  5.07299608
  41.95  5.07899489
  42.  5.08500415
  42.05  5.09101854
  42.1  5.09703096
  42.15  5.10303497
  42.2  5.10902712
  42.25  5.11500806
  42.3  5.12098237
  42.35  5.1269569
  42.4  5.13293845
  42.45  5.13893136
  42.5  5.14493604
  42.55  5.15094879
  42.6  5.15696306
  42.65  5.16297179
  42.7  5.16896985
  42.75  5.17495584
  42.8  5.18093258
  42.85  5.1869061
  42.9  5.19288352
  42.95  5.19887063
  43.  5.20486986
  43.05  5.2108794
  43.1  5.21689385
  43.15  5.22290607
  43.2  5.2289097
  43.25  5.23490142
  43.3  5.24088203
  43.35  5.24685622
  43.4  5.2528309
  43.45  5.25881279
  43.5  5.26480613
  43.55  5.27081118
  43.6  5.2768241
  43.65  5.2828383
  43.7  5.28884672
  43.75  5.29484435
  43.8  5.30082995
  43.85  5.30680646
  43.9  5.31277999
  43.95  5.31875767
  44.  5.32474519
  44.05  5.33074483
  44.1  5.33675466
  44.15  5.34276915
  44.2  5.34878116
  44.25  5.35478442
  44.3  5.3607757
  44.35  5.36675599
  44.4  5.37273007
  44.45  5.37870489
  44.5  5.38468714
  44.55  5.39068091
  44.6  5.39668633
  44.65  5.40269942
  44.7  5.40871352
  44.75  5.41472163
  44.8  5.42071883
  44.85  5.42670404
  44.9  5.43268033
  44.95  5.43865389
  45.  5.44463183
  45.05  5.45061976
  45.1  5.45661982
  45.15  5.46262992
  45.2  5.46864445
  45.25  5.47465625
  45.3  5.48065911
  45.35  5.48664996
  45.4  5.49262994
  45.45  5.49860392
  45.5  5.5045789
  45.55  5.5105615
  45.6  5.51655571
  45.65  5.52256148
  45.7  5.52857473
  45.75  5.53458874
  45.8  5.54059653
  45.85  5.5465933
  45.9  5.55257812
  45.95  5.55855419
  46.  5.56452779
  46.05  5.570506
  46.1  5.57649435
  46.15  5.58249482
  46.2  5.58850519
  46.25  5.59451974
  46.3  5.60053132
  46.35  5.60653379
  46.4  5.61252421
  46.45  5.61850387
  46.5  5.62447777
  46.55  5.63045291
  46.6  5.63643587
  46.65  5.64243052
  46.7  5.64843664
  46.75  5.65445004
  46.8  5.66046394
  46.85  5.6664714
  46.9  5.67246775
  46.95  5.67845218
  47.  5.68442805
  47.05  5.69040169
  47.1  5.69638018
  47.15  5.70236895
  47.2  5.70836983
  47.25  5.71438045
  47.3  5.72039503
  47.35  5.72640637
  47.4  5.73240844
  47.45  5.73839845
  47.5  5.7443778
  47.55  5.75035162
  47.6  5.75632693
  47.65  5.76231026
  47.7  5.76830534
  47.75  5.77431181
  47.8  5.78032535
  47.85  5.78633913
  47.9  5.79234627
  47.95  5.79834218
  48.  5.80432623
  48.05  5.81030191
  48.1  5.81627559
  48.15  5.82225437
  48.2  5.82824356
  48.25  5.83424485
  48.3  5.84025572
  48.35  5.84627031
  48.4  5.85228142
  48.45  5.85828309
  48.5  5.86427266
  48.55  5.87025172
  48.6  5.87622547
  48.65  5.88220096
  48.7  5.88818466
  48.75  5.89418017
  48.8  5.90018698
  48.85  5.90620065
  48.9  5.91221432
  48.95  5.91822111
  49.  5.92421659
  49.05  5.93020027
  49.1  5.93617575
  49.15  5.9421495
  49.2  5.94812858
  49.25  5.95411818
  49.3  5.96011988
  49.35  5.966131
  49.4  5.97214558
  49.45  5.97815644
  49.5  5.98415771
  49.55  5.99014687
  49.6  5.99612563
  49.65  6.00209931
  49.7  6.008075
  49.75  6.01405907
  49.8  6.02005501
  49.85  6.02606216
  49.9  6.03207596
  49.95  6.03808949
  50.  6.04409594
  50.05  6.05009099
