  0.  0.
  328.892334  119.707314
  630.118286  167.135361
  930.37561  211.067719
  1230.45593  252.361755
  1530.46301  291.127747
  1830.42456  327.395081
  2130.35156  361.175354
  2430.24976  392.474426
  2730.12256  421.296051
  3029.9729  447.643036
  3329.80322  471.517792
  3629.61548  492.922516
  3929.41187  511.859344
  4229.19434  528.330383
  4528.96533  542.337646
  4828.72656  553.88324
  5128.48047  562.969238
  5428.22852  569.597656
  5727.97314  573.770569
  6027.71631  575.48999
  6327.46045  574.757996
  6627.20703  571.576599
  6926.9585  565.947815
  7226.7168  557.873718
  7526.4834  547.356384
  7826.26123  534.397827
  8126.05176  519.000061
  8425.85742  501.165131
  8725.67969  480.89505
  9025.52051  458.191864
  9325.38281  433.057587
  9625.26758  405.494263
  9925.17773  375.503906
  10225.1152  343.088562
  10525.0811  308.250214
  10825.0781  270.990906
  11125.1084  231.312637
  11425.1738  189.217438
  11725.2764  144.707321
  12025.418  97.7842941
  12325.6006  48.4503708
