  0.0399999991  0.0170000009
  0.0799999982  0.0170000009
  0.119999997  0.0167334415
  0.159999996  0.0162003208
  0.199999988  0.0154048204
  0.239999995  0.0143552991
  0.280000001  0.0130642299
  0.319999993  0.0115480693
  0.359999985  0.00982706156
  0.399999976  0.00792498048
  0.439999998  0.00586881116
  0.479999989  0.00368837803
  0.519999981  0.00141592196
  0.560000002 -0.000914367905
  0.599999964 -0.00326685957
  0.639999986 -0.00560501404
  0.680000007 -0.00789194368
  0.719999969 -0.0100909872
  0.75999999 -0.012166285
  0.799999952 -0.0140833557
  0.839999974 -0.0158096589
  0.879999995 -0.0173151363
  0.919999957 -0.0185727179
  0.959999979 -0.0195587985
  1. -0.0202536583
  1.03999996 -0.0206418354
  1.07999992 -0.0207124352
  1.12 -0.0204593707
  1.15999997 -0.0198815353
  1.19999993 -0.0189828984
  1.24000001 -0.0177725181
  1.27999997 -0.0162644852
  1.31999993 -0.0144777801
  1.36000001 -0.0124360481
  1.39999998 -0.0101673044
  1.43999994 -0.0077035632
  1.48000002 -0.0050803991
  1.51999998 -0.00233644294
  1.55999994  0.000487173849
  1.5999999  0.00334742595
  1.63999999  0.00620003929
  1.67999995  0.00900016539
  1.71999991  0.011703074
  1.75999999  0.0142648602
  1.79999995  0.0166431423
  1.83999991  0.0187977515
  1.88  0.0206913967
  1.91999996  0.0222902931
  1.95999992  0.0235647485
  2.  0.0244896915
  2.03999996  0.0250451397
  2.07999992  0.0252165888
  2.11999989  0.0249953307
  2.15999985  0.024378676
  2.20000005  0.0233700946
  2.24000001  0.0219792556
  2.27999997  0.0202219728
  2.31999993  0.018120056
  2.3599999  0.0157010593
  2.39999986  0.0129979393
  2.44000006  0.0100486269
  2.48000002  0.00689550675
  2.51999998  0.00358482404
  2.55999994  0.000166019701
  2.5999999 -0.0033089947
  2.63999987 -0.00678661233
  2.67999983 -0.010212345
  2.72000003 -0.0135316635
  2.75999999 -0.0166908521
  2.79999995 -0.0196378641
  2.83999991 -0.0223231632
  2.87999988 -0.024700541
  2.91999984 -0.0267278925
  2.96000004 -0.0283679385
  3. -0.0295888912
  3.03999996 -0.0303650349
  3.07999992 -0.0306772254
  3.11999989 -0.0305132922
  3.15999985 -0.0298683401
  3.19999981 -0.0287449397
  3.24000001 -0.0271532033
  3.27999997 -0.0251107458
  3.31999993 -0.0226425268
  3.3599999 -0.0197805706
  3.39999986 -0.0165635794
  3.43999982 -0.013036429
  3.48000002 -0.0092495624
  3.51999998 -0.00525828451
  3.55999994 -0.0011219735
  3.5999999  0.00309678749
  3.63999987  0.00733314082
  3.67999983  0.0115209371
  3.72000003  0.0155937495
  3.75999999  0.0194859132
  3.79999995  0.0231335666
  3.83999991  0.026475681
  3.87999988  0.029455062
  3.91999984  0.032019306
  3.9599998  0.0341216922
  4.  0.0357220173
  4.03999996  0.0367873125
  4.07999992  0.0372924879
  4.11999989  0.0372208357
  4.15999985  0.0365644395
  4.19999981  0.0353244208
  4.23999977  0.0335110724
  4.27999973  0.0311438348
  4.31999969  0.028251145
  4.36000013  0.0248701181
  4.4000001  0.0210461151
  4.44000006  0.0168321487
  4.48000002  0.0122881783
  4.51999998  0.00748027954
  4.55999994  0.002479702
  4.5999999 -0.00263816607
  4.63999987 -0.00779491616
  4.67999983 -0.0129102999
  4.71999979 -0.0179034602
  4.75999975 -0.0226941854
  4.79999971 -0.0272041857
  4.83999968 -0.0313583389
  4.88000011 -0.0350859314
  4.92000008 -0.0383218266
  4.96000004 -0.0410075746
  5. -0.0430924371
  5.03999996 -0.0445342995
  5.07999992 -0.0453004725
  5.11999989 -0.0453683473
  5.15999985 -0.0447259098
  5.19999981 -0.0433720984
  5.23999977 -0.0413169824
  5.27999973 -0.0385817923
  5.31999969 -0.0351987518
  5.35999966 -0.0312107503
  5.4000001 -0.0266708322
  5.44000006 -0.0216415301
  5.48000002 -0.0161940288
  5.51999998 -0.010407188
  5.55999994 -0.00436642487
  5.5999999  0.0018375233
  5.63999987  0.00810993649
  5.67999983  0.0143535379
  5.71999979  0.0204699766
  5.75999975  0.02636135
  5.79999971  0.0319317542
  5.83999968  0.0370888114
  5.87999964  0.0417451784
  5.92000008  0.0458199941
  5.96000004  0.0492402464
  6.  0.0519420393
  6.03999996  0.0538717471
  6.07999992  0.0549870022
  6.11999989  0.0552575476
  6.15999985  0.054665897
  6.19999981  0.0532078072
  6.23999977  0.0508925579
  6.27999973  0.0477430113
  6.31999969  0.0437954664
  6.35999966  0.0390993133
  6.39999962  0.0337164477
  6.44000006  0.0277205035
  6.48000002  0.0211958848
  6.51999998  0.0142366095
  6.55999994  0.0069449828
  6.5999999 -0.000569874072
  6.63999987 -0.00819362793
  6.67999983 -0.0158084463
  6.71999979 -0.0232947897
  6.75999975 -0.030533256
  6.79999971 -0.0374064595
  6.83999968 -0.0438009016
  6.87999964 -0.0496088117
  6.92000008 -0.0547299236
  6.96000004 -0.0590731688
  7. -0.0625582486
  7.03999996 -0.0651170611
  7.07999992 -0.06669496
  7.11999989 -0.0672518238
  7.15999985 -0.0667629093
  7.19999981 -0.0652194843
  7.23999977 -0.0626292229
  7.27999973 -0.0590163171
  7.31999969 -0.0544213839
  7.35999966 -0.0489010736
  7.39999962 -0.0425274372
  7.44000006 -0.0353870317
  7.48000002 -0.0275797956
  7.51999998 -0.0192176923
  7.55999994 -0.0104231369
  7.5999999 -0.00132724771
  7.63999987  0.00793207623
  7.67999983  0.0172122102
  7.71999979  0.0263679698
  7.75999975  0.0352538414
  7.79999971  0.0437262654
  7.83999968  0.0516459085
  7.87999964  0.0588799231
  7.9199996  0.0653041303
  7.96000004  0.0708051026
  8.  0.0752821043
  8.03999996  0.0786488801
  8.07999992  0.0808352306
  8.11999989  0.0817883685
  8.15999985  0.0814740136
  8.19999981  0.0798772126
  8.23999977  0.0770028979
  8.27999973  0.0728761107
  8.31999969  0.0675419196
  8.35999966  0.0610650294
  8.39999962  0.0535290837
  8.43999958  0.0450356379
  8.47999954  0.0357028544
  8.5199995  0.0256639142
  8.55999947  0.0150651522
  8.59999943  0.00406398019
  8.63999939 -0.00717341341
  8.67999935 -0.0184745304
  8.72000027 -0.0296631679
  8.76000023 -0.0405621231
  8.80000019 -0.0509959608
  8.84000015 -0.0607937835
  8.88000011 -0.0697919875
  8.92000008 -0.0778369457
  8.96000004 -0.0847875699
  9. -0.0905177072
  9.03999996 -0.0949183777
  9.07999992 -0.0978997275
  9.11999989 -0.0993927568
  9.15999985 -0.0993507206
  9.19999981 -0.0977502093
  9.23999977 -0.0945918784
  9.27999973 -0.0899008214
  9.31999969 -0.0837265626
  9.35999966 -0.0761426613
  9.39999962 -0.067245923
  9.43999958 -0.0571552701
  9.47999954 -0.0460102037
  9.5199995 -0.0339689404
  9.55999947 -0.0212062374
  9.59999943 -0.00791090075
  9.63999939  0.00571695017
  9.67999935  0.0194688439
  9.71999931  0.0331310965
  9.76000023  0.0464880764
  9.80000019  0.0593255609
  9.84000015  0.0714341104
  9.88000011  0.08261244
  9.92000008  0.0926706791
  9.96000004  0.101433553
  10.  0.108743355
