  0.  0.
  268.115204  224.976089
  536.230408  447.502197
  804.345581  667.578308
  1072.46082  885.204407
  1340.57605  1100.38049
  1608.69128  1313.10657
  1876.80652  1523.38269
  2144.92163  1731.20874
  2413.03687  1936.58484
  2681.1521  2139.51099
  2949.26733  2339.98706
  3217.38257  2538.01318
  3485.4978  2733.58936
  3753.61304  2926.71558
  4021.72827  3117.3916
  4289.84326  3305.61768
  4557.9585  3491.3938
  4826.07373  3674.71997
  5094.18896  3855.59619
  5362.3042  4034.02246
  5630.41943  4209.99854
  5898.53467  4383.5249
  6166.6499  4554.60107
  6434.76514  4723.22705
  6702.88037  4889.40332
  6970.99561  5053.12939
  7239.11084  5214.40576
  7507.22607  5373.23193
  7775.34131  5529.60791
  8043.45654  5683.53418
  8311.57129  5835.01025
  8579.68652  5984.03662
  8847.80176  6130.61279
  9115.91699  6274.73877
  9384.03223  6416.41504
  9652.14746  6555.64111
  9920.2627  6692.41748
  10188.3779  6826.74365
  10456.4932  6958.61963
  10724.6084  7088.0459
  10992.7236  7215.02197
  11260.8389  7339.54834
  11528.9541  7461.62451
  11797.0693  7581.25098
  12065.1846  7698.42725
  12333.2998  7813.15332
  12601.415  7925.42969
  12869.5303  8035.25586
  13137.6455  8142.63232
  13405.7607  8247.55859
  13673.876  8350.03516
  13941.9912  8450.06152
  14210.1064  8547.6377
  14478.2217  8642.76367
  14746.3369  8735.43945
  15014.4521  8825.66602
  15282.5674  8913.44238
  15550.6826  8998.76855
  15818.7979  9081.64453
  16086.9131  9162.07031
  16355.0283  9240.04688
  16623.1426  9315.57324
  16891.2578  9388.64941
  17159.373  9459.27539
  17427.4883  9527.45215
  17695.6035  9593.17871
  17963.7188  9656.45508
  18231.834  9717.28125
  18499.9492  9775.65723
  18768.0645  9831.58398
  19036.1797  9885.06055
  19304.2949  9936.08691
  19572.4102  9984.66309
  19840.5254  10030.7891
  20108.6406  10074.4658
  20376.7559  10115.6924
  20644.8711  10154.4688
  20912.9863  10190.7949
  21181.1016  10224.6709
  21449.2168  10256.0977
  21717.332  10285.0742
  21985.4473  10311.6006
  22253.5625  10335.6768
  22521.6777  10357.3027
  22789.793  10376.4795
  23057.9082  10393.2061
  23326.0234  10407.4824
  23594.1387  10419.3086
  23862.2539  10428.6846
  24130.3691  10435.6113
  24398.4844  10440.0879
  24666.5996  10442.1143
  24934.7148  10441.6904
  25202.8301  10438.8164
  25470.9453  10433.4932
  25739.0605  10425.7197
  26007.1758  10415.4961
  26275.291  10402.8223
  26543.4063  10387.6982
  26811.5215  10370.125
  27079.6367  10350.1016
  27347.752  10327.6279
  27615.8672  10302.7041
  27883.9824  10275.3301
  28152.0977  10245.5059
  28420.2129  10213.2324
  28688.3281  10178.5088
  28956.4434  10141.335
  29224.5586  10101.7109
  29492.6738  10059.6367
  29760.7891  10015.1133
  30028.9043  9968.13965
  30297.0195  9918.71582
  30565.1348  9866.8418
  30833.25  9812.51758
  31101.3652  9755.74414
  31369.4805  9696.52051
  31637.5957  9634.84668
  31905.7109  9570.72266
  32173.8262  9504.14844
  32441.9414  9435.125
  32710.0566  9363.65137
  32978.1719  9289.72754
  33246.2852  9213.35352
  33514.3984  9134.53027
  33782.5117  9053.25684
  34050.625  8969.5332
  34318.7383  8883.35938
  34586.8516  8794.73535
  34854.9648  8703.66211
  35123.0781  8610.13867
  35391.1914  8514.16504
  35659.3047  8415.74121
  35927.418  8314.86719
  36195.5313  8211.54395
  36463.6445  8105.77002
  36731.7578  7997.54639
  36999.8711  7886.87256
  37267.9844  7773.74902
  37536.0977  7658.17529
  37804.2109  7540.15186
  38072.3242  7419.67822
  38340.4375  7296.75439
  38608.5508  7171.38086
  38876.6641  7043.55713
  39144.7773  6913.28369
  39412.8906  6780.56006
  39681.0039  6645.38623
  39949.1172  6507.7627
  40217.2305  6367.68896
  40485.3438  6225.16553
  40753.457  6080.19189
  41021.5703  5932.76807
  41289.6836  5782.89453
  41557.7969  5630.5708
  41825.9102  5475.79736
  42094.0234  5318.57373
  42362.1367  5158.8999
  42630.25  4996.77637
  42898.3633  4832.20264
  43166.4766  4665.1792
  43434.5898  4495.70557
  43702.7031  4323.78174
  43970.8164  4149.4082
  44238.9297  3972.58447
  44507.043  3793.31079
  44775.1563  3611.58716
  45043.2695  3427.41357
  45311.3828  3240.79004
  45579.4961  3051.71655
  45847.6094  2860.19287
  46115.7227  2666.21924
  46383.8359  2469.79565
  46651.9492  2270.92212
  46920.0625  2069.59863
  47188.1758  1865.82507
  47456.2891  1659.60156
  47724.4023  1450.92798
  47992.5156  1239.80444
  48260.6289  1026.23083
  48528.7422  810.207275
  48796.8555  591.733704
