  0.  0.
  200.751129  286.703644
  401.502258  570.957275
  602.253418  852.760864
  803.004517  1132.1145
  1003.75562  1409.01807
  1204.50671  1683.47168
  1405.25781  1955.47522
  1606.00891  2225.02881
  1806.76001  2492.13232
  2007.51111  2756.78589
  2208.26221  3018.9895
  2409.01343  3278.74292
  2609.76465  3536.04639
  2810.51587  3790.8999
  3011.26709  4043.30347
  3212.01831  4293.25684
  3412.76953  4540.76025
  3613.52075  4785.81396
  3814.27197  5028.41748
  4015.02319  5268.5708
  4215.77441  5506.27441
  4416.52539  5741.52783
  4617.27637  5974.33154
  4818.02734  6204.68506
  5018.77832  6432.58838
  5219.5293  6658.04199
  5420.28027  6881.04541
  5621.03125  7101.59912
  5821.78223  7319.70264
  6022.5332  7535.35596
  6223.28418  7748.55957
  6424.03516  7959.31299
  6624.78613  8167.6167
  6825.53711  8373.4707
  7026.28809  8576.87402
  7227.03906  8777.82715
  7427.79004  8976.33105
  7628.54102  9172.38477
  7829.29199  9365.98828
  8030.04297  9557.1416
  8230.79395  9745.84473
  8431.54492  9932.09863
  8632.2959  10115.9023
  8833.04688  10297.2559
  9033.79785  10476.1592
  9234.54883  10652.6123
  9435.2998  10826.6162
  9636.05078  10998.1699
  9836.80176  11167.2734
  10037.5527  11333.9268
  10238.3037  11498.1309
  10439.0547  11659.8848
  10639.8057  11819.1885
  10840.5566  11976.042
  11041.3076  12130.4453
  11242.0586  12282.3994
  11442.8096  12431.9033
  11643.5605  12578.957
  11844.3115  12723.5605
  12045.0625  12865.7139
  12245.8135  13005.418
  12446.5645  13142.6719
  12647.3154  13277.4756
  12848.0664  13409.8291
  13048.8174  13539.7324
  13249.5684  13667.1865
  13450.3193  13792.1904
  13651.0703  13914.7441
  13851.8213  14034.8477
  14052.5723  14152.501
  14253.3232  14267.7051
  14454.0742  14380.459
  14654.8252  14490.7627
  14855.5762  14598.6162
  15056.3271  14704.0195
  15257.0781  14806.9736
  15457.8291  14907.4775
  15658.5801  15005.5313
  15859.3311  15101.1348
  16060.082  15194.2881
  16260.833  15284.9922
  16461.584  15373.2461
  16662.3359  15459.0498
  16863.0879  15542.4033
  17063.8398  15623.3066
  17264.5918  15701.7607
  17465.3438  15777.7646
  17666.0957  15851.3184
  17866.8477  15922.4219
  18067.5996  15991.0752
  18268.3516  16057.2793
  18469.1035  16121.0332
  18669.8555  16182.3369
  18870.6074  16241.1904
  19071.3594  16297.5938
  19272.1113  16351.5479
  19472.8633  16403.0508
  19673.6152  16452.1055
  19874.3672  16498.709
  20075.1191  16542.8633
  20275.8711  16584.5664
  20476.623  16623.8203
  20677.375  16660.625
  20878.127  16694.9785
  21078.8789  16726.8828
  21279.6309  16756.3359
  21480.3828  16783.3398
  21681.1348  16807.8945
  21881.8867  16829.998
  22082.6387  16849.6523
  22283.3906  16866.8555
  22484.1426  16881.6094
  22684.8945  16893.9141
  22885.6465  16903.7676
  23086.3984  16911.1719
  23287.1504  16916.125
  23487.9023  16918.6289
  23688.6543  16918.6836
  23889.4063  16916.2871
  24090.1582  16911.4414
  24290.9102  16904.1445
  24491.6621  16894.3984
  24692.4141  16882.2031
  24893.166  16867.5566
  25093.918  16850.4609
  25294.6699  16830.9141
  25495.4219  16808.918
  25696.1738  16784.4727
  25896.9258  16757.5762
  26097.6777  16728.2305
  26298.4297  16696.4336
  26499.1816  16662.1875
  26699.9336  16625.4922
  26900.6855  16586.3457
  27101.4375  16544.75
  27302.1895  16500.7031
  27502.9414  16454.207
  27703.6934  16405.2617
  27904.4453  16353.8652
  28105.1973  16300.0186
  28305.9492  16243.7227
  28506.7012  16184.9766
  28707.4531  16123.7803
  28908.2051  16060.1338
  29108.957  15994.0371
  29309.709  15925.4912
  29510.4609  15854.4951
  29711.2129  15781.0488
  29911.9648  15705.1523
  30112.7168  15626.8057
  30313.4688  15546.0098
  30514.2207  15462.7637
  30714.9727  15377.0674
  30915.7246  15288.9209
  31116.4766  15198.3242
  31317.2285  15105.2783
  31517.9805  15009.7822
  31718.7324  14911.8359
  31919.4844  14811.4395
  32120.2363  14708.5928
  32320.9883  14603.2969
  32521.7402  14495.5508
  32722.4922  14385.3545
  32923.2422  14272.708
  33123.9922  14157.6113
  33324.7422  14040.0654
  33525.4922  13920.0693
  33726.2422  13797.623
  33926.9922  13672.7266
  34127.7422  13545.3799
  34328.4922  13415.584
  34529.2422  13283.3379
  34729.9922  13148.6416
  34930.7422  13011.4951
  35131.4922  12871.8984
  35332.2422  12729.8525
  35532.9922  12585.3564
  35733.7422  12438.4102
  35934.4922  12289.0137
  36135.2422  12137.168
  36335.9922  11982.8721
  36536.7422  11826.126
  36737.4922  11666.9297
  36938.2422  11505.2832
  37138.9922  11341.1875
  37339.7422  11174.6416
  37540.4922  11005.6455
  37741.2422  10834.1992
  37941.9922  10660.3027
  38142.7422  10483.957
  38343.4922  10305.1611
  38544.2422  10123.915
  38744.9922  9940.21875
  38945.7422  9754.07227
  39146.4922  9565.47656
  39347.2422  9374.43066
  39547.9922  9180.93457
  39748.7422  8984.98828
  39949.4922  8786.5918
  40150.2422  8585.74609
  40350.9922  8382.4502
  40551.7422  8176.7041
  40752.4922  7968.50781
  40953.2422  7757.86182
  41153.9922  7544.76563
  41354.7422  7329.21973
  41555.4922  7111.22363
  41756.2422  6890.77734
  41956.9922  6667.88135
  42157.7422  6442.53516
  42358.4922  6214.73926
  42559.2422  5984.49316
  42759.9922  5751.79688
  42960.7422  5516.65088
  43161.4922  5279.05469
  43362.2422  5039.00879
  43562.9922  4796.5127
  43763.7422  4551.56641
  43964.4922  4304.17041
  44165.2422  4054.32422
  44365.9922  3802.02808
  44566.7422  3547.28198
  44767.4922  3290.08594
  44968.2422  3030.43994
  45168.9922  2768.34375
  45369.7422  2503.79761
  45570.4922  2236.80151
  45771.2422  1967.35535
  45971.9922  1695.45923
  46172.7422  1421.11304
  46373.4922  1144.31689
  46574.2422  865.070679
  46774.9922  583.374512
