  0.  0.
  247.486938  247.487823
  435.676941  351.686829
  601.132263  417.369476
  753.912598  461.911133
  898.889648  492.722107
  1038.90137  513.837952
  1175.78992  527.770203
  1310.83997  536.22168
  1444.99329  540.416626
  1578.96521  541.272583
  1713.31262  539.497437
  1848.47656  535.648926
  1984.8103  530.172485
  2122.59888  523.427124
  2262.07275  515.703613
  2403.41846  507.237823
  2546.78687  498.22113
  2692.29932  488.808289
  2840.05298  479.123901
  2990.12524  469.26767
  3142.5769  459.318726
  3297.45557  449.339325
  3454.79785  439.377838
  3614.6311  429.471344
  3776.97607  419.647736
  3941.84766  409.927582
  4109.25635  400.325562
  4279.2085  390.851746
  4451.7085  381.512573
  4626.75879  372.311676
  4804.35938  363.25061
  4984.50977  354.329315
  5167.2085  345.54657
  5352.45361  336.900299
  5540.24268  328.387878
  5730.57275  320.006256
  5923.44141  311.752197
  6118.84521  303.622284
  6316.78174  295.613098
  6517.24805  287.721252
  6720.24121  279.943359
  6925.7583  272.276123
  7133.79736  264.71637
  7344.35547  257.261017
  7557.43018  249.907135
  7773.01953  242.651855
  7991.12109  235.492447
  8211.73242  228.4263
  8434.85254  221.450912
  8660.47852  214.563858
  8888.6084  207.762833
  9119.24121  201.045639
  9352.375  194.410126
  9588.00781  187.854263
  9826.13867  181.376099
  10066.7656  174.97374
  10309.8877  168.64537
  10555.5029  162.389252
  10803.6104  156.20369
  11054.209  150.087082
  11307.2969  144.037857
  11562.873  138.054504
  11820.9365  132.135574
  12081.4863  126.279655
  12344.5215  120.48539
  12610.041  114.751472
  12878.0439  109.076637
  13148.5293  103.459648
  13421.4961  97.8993225
  13696.9434  92.3945084
  13974.8701  86.9440918
  14255.2754  81.5469894
  14538.1592  76.2021637
  14823.5195  70.9085922
  15111.3564  65.6652908
  15401.6689  60.471302
  15694.457  55.3256989
  15989.7197  50.2275772
  16287.4561  45.1760674
  16587.666  40.1703148
  16890.3477  35.2094917
  17195.502  30.2927933
  17503.127  25.4194374
  17813.2227  20.5886631
  18125.7891  15.7997293
  18440.8242  11.0519142
  18758.3301  6.34451628
  19078.3047  1.67685127
