  0.  0.
  303.108673  175.000381
  606.217346  347.550781
  909.32605  517.651184
  1212.43469  685.301575
  1515.54333  850.501953
  1818.65198  1013.25232
  2121.76074  1173.55273
  2424.86938  1331.40308
  2727.97803  1486.80347
  3031.08667  1639.75391
  3334.19531  1790.25427
  3637.30396  1938.30469
  3940.4126  2083.90503
  4243.52148  2227.05542
  4546.63037  2367.75586
  4849.73926  2506.00635
  5152.84814  2641.80688
  5455.95703  2775.15723
  5759.06592  2906.05762
  6062.1748  3034.50806
  6365.28369  3160.50854
  6668.39258  3284.05908
  6971.50146  3405.15942
  7274.61035  3523.80981
  7577.71924  3640.01025
  7880.82813  3753.76074
  8183.93701  3865.06128
  8487.0459  3973.91162
  8790.1543  4080.31201
  9093.2627  4184.2627
  9396.37109  4285.76318
  9699.47949  4384.81348
  10002.5879  4481.41406
  10305.6963  4575.56445
  10608.8047  4667.26514
  10911.9131  4756.51563
  11215.0215  4843.31592
  11518.1299  4927.6665
  11821.2383  5009.56689
  12124.3467  5089.01758
  12427.4551  5166.01807
  12730.5635  5240.56836
  13033.6719  5312.66895
  13336.7803  5382.31934
  13639.8887  5449.52002
  13942.9971  5514.27051
  14246.1055  5576.5708
  14549.2139  5636.42139
  14852.3223  5693.82178
  15155.4307  5748.77246
  15458.5391  5801.27295
  15761.6475  5851.32324
  16064.7559  5898.92383
  16367.8643  5944.07422
  16670.9727  5986.7749
  16974.082  6027.02539
  17277.1914  6064.82568
  17580.3008  6100.17627
  17883.4102  6133.07666
  18186.5195  6163.52734
  18489.6289  6191.52783
  18792.7383  6217.07813
  19095.8477  6240.17871
  19398.957  6260.8291
  19702.0664  6279.02979
  20005.1758  6294.78027
  20308.2852  6308.08057
  20611.3945  6318.93115
  20914.5039  6327.33154
  21217.6133  6333.28223
  21520.7227  6336.78271
  21823.832  6337.83301
  22126.9414  6336.43359
  22430.0508  6332.58398
  22733.1602  6326.28467
  23036.2695  6317.53516
  23339.3789  6306.33545
  23642.4883  6292.68604
  23945.5977  6276.58643
  24248.707  6258.03711
  24551.8164  6237.0376
  24854.9258  6213.58789
  25158.0352  6187.68848
  25461.1445  6159.33887
  25764.2539  6128.53955
  26067.3633  6095.29004
  26370.4727  6059.59033
  26673.582  6021.44092
  26976.6914  5980.84131
  27279.8008  5937.79199
  27582.9102  5892.29248
  27886.0195  5844.34277
  28189.1289  5793.94336
  28492.2383  5741.09375
  28795.3477  5685.79443
  29098.457  5628.04492
  29401.5664  5567.84521
  29704.6758  5505.1958
  30007.7852  5440.09619
  30310.8945  5372.54688
  30614.0039  5302.54736
  30917.1133  5230.09766
  31220.2227  5155.19824
  31523.332  5077.84863
  31826.4414  4998.04932
  32129.5508  4915.7998
  32432.6602  4831.1001
  32735.7695  4743.95068
  33038.8789  4654.35107
  33341.9883  4562.30176
  33645.0977  4467.80225
  33948.207  4370.85254
  34251.3164  4271.45313
  34554.4258  4169.60352
  34857.5352  4065.30396
  35160.6445  3958.55444
  35463.7539  3849.35498
  35766.8633  3737.70557
  36069.9727  3623.6062
  36373.082  3507.05664
  36676.1914  3388.05713
  36979.3008  3266.60767
  37282.4102  3142.70825
  37585.5195  3016.35889
  37888.6289  2887.55957
  38191.7383  2756.31006
  38494.8477  2622.6106
  38797.957  2486.46118
  39101.0664  2347.86182
  39404.1758  2206.8125
  39707.2852  2063.31299
  40010.3945  1917.36353
  40313.5039  1768.96411
  40616.6133  1618.11475
  40919.7227  1464.81531
  41222.832  1309.06592
  41525.9414  1150.86646
  41829.0508  990.217041
  42132.1602  827.117676
  42435.2695  661.568298
  42738.3789  493.568909
