          0.000           0.0000
          0.009          -0.0941
          0.019          -0.1874
          0.028          -0.2790
          0.038          -0.3681
          0.047          -0.4540
          0.057          -0.5358
          0.066          -0.6129
          0.075          -0.6845
          0.085          -0.7501
          0.094          -0.8090
          0.104          -0.8607
          0.113          -0.9048
          0.123          -0.9409
          0.132          -0.9686
          0.141          -0.9877
          0.151          -0.9980
          0.160          -0.9995
          0.170          -0.9921
          0.179          -0.9759
          0.188          -0.9511
          0.198          -0.9178
          0.207          -0.8763
          0.217          -0.8271
          0.226          -0.7705
          0.236          -0.7071
          0.245          -0.6374
          0.254          -0.5621
          0.264          -0.4818
          0.273          -0.3971
          0.283          -0.3090
          0.292          -0.2181
          0.302          -0.1253
          0.311          -0.0314
          0.320           0.0628
          0.330           0.1564
          0.339           0.2487
          0.349           0.3387
          0.358           0.4258
          0.368           0.5090
          0.377           0.5878
          0.386           0.6613
          0.396           0.7290
          0.405           0.7902
          0.415           0.8443
          0.424           0.8910
          0.434           0.9298
          0.443           0.9603
          0.452           0.9823
          0.462           0.9956
          0.471           1.0000
          0.481           0.9956
          0.490           0.9823
          0.500           0.9603
          0.509           0.9298
          0.518           0.8910
          0.528           0.8443
          0.537           0.7902
          0.547           0.7290
          0.556           0.6613
          0.565           0.5878
          0.575           0.5090
          0.584           0.4258
          0.594           0.3387
          0.603           0.2487
          0.613           0.1564
          0.622           0.0628
          0.631          -0.0314
          0.641          -0.1253
          0.650          -0.2181
          0.660          -0.3090
          0.669          -0.3971
          0.679          -0.4818
          0.688          -0.5621
          0.697          -0.6374
          0.707          -0.7071
          0.716          -0.7705
          0.726          -0.8271
          0.735          -0.8763
          0.745          -0.9178
          0.754          -0.9511
          0.763          -0.9759
          0.773          -0.9921
          0.782          -0.9995
          0.792          -0.9980
          0.801          -0.9877
          0.811          -0.9686
          0.820          -0.9409
          0.829          -0.9048
          0.839          -0.8607
          0.848          -0.8090
          0.858          -0.7501
          0.867          -0.6845
          0.877          -0.6129
          0.886          -0.5358
          0.895          -0.4540
          0.905          -0.3681
          0.914          -0.2790
          0.924          -0.1874
          0.933          -0.0941
          0.942           0.0000
          0.952           0.0941
          0.961           0.1874
          0.971           0.2790
          0.980           0.3681
          0.990           0.4540
          0.999           0.5358
          1.008           0.6129
          1.018           0.6845
          1.027           0.7501
          1.037           0.8090
          1.046           0.8607
          1.056           0.9048
          1.065           0.9409
          1.074           0.9686
          1.084           0.9877
          1.093           0.9980
          1.103           0.9995
          1.112           0.9921
          1.122           0.9759
          1.131           0.9511
          1.140           0.9178
          1.150           0.8763
          1.159           0.8271
          1.169           0.7705
          1.178           0.7071
          1.188           0.6374
          1.197           0.5621
          1.206           0.4818
          1.216           0.3971
          1.225           0.3090
          1.235           0.2181
          1.244           0.1253
          1.253           0.0314
          1.263          -0.0628
          1.272          -0.1564
          1.282          -0.2487
          1.291          -0.3387
          1.301          -0.4258
          1.310          -0.5090
          1.319          -0.5878
          1.329          -0.6613
          1.338          -0.7290
          1.348          -0.7902
          1.357          -0.8443
          1.367          -0.8910
          1.376          -0.9298
          1.385          -0.9603
          1.395          -0.9823
          1.404          -0.9956
          1.414          -1.0000
          1.423          -0.9956
          1.433          -0.9823
          1.442          -0.9603
          1.451          -0.9298
          1.461          -0.8910
          1.470          -0.8443
          1.480          -0.7902
          1.489          -0.7290
          1.499          -0.6613
          1.508          -0.5878
          1.517          -0.5090
          1.527          -0.4258
          1.536          -0.3387
          1.546          -0.2487
          1.555          -0.1564
          1.565          -0.0628
          1.574           0.0314
          1.583           0.1253
          1.593           0.2181
          1.602           0.3090
          1.612           0.3971
          1.621           0.4818
          1.630           0.5621
          1.640           0.6374
          1.649           0.7071
          1.659           0.7705
          1.668           0.8271
          1.678           0.8763
          1.687           0.9178
          1.696           0.9511
          1.706           0.9759
          1.715           0.9921
          1.725           0.9995
          1.734           0.9980
          1.744           0.9877
          1.753           0.9686
          1.762           0.9409
          1.772           0.9048
          1.781           0.8607
          1.791           0.8090
          1.800           0.7501
          1.810           0.6845
          1.819           0.6129
          1.828           0.5358
          1.838           0.4540
          1.847           0.3681
          1.857           0.2790
          1.866           0.1874
          1.876           0.0941
          1.885           0.0000
          1.894          -0.0941
          1.904          -0.1874
          1.913          -0.2790
          1.923          -0.3681
          1.932          -0.4540
          1.942          -0.5358
          1.951          -0.6129
          1.960          -0.6845
          1.970          -0.7501
          1.979          -0.8090
          1.989          -0.8607
          1.998          -0.9048
          2.007          -0.9409
          2.017          -0.9686
          2.026          -0.9877
          2.036          -0.9980
          2.045          -0.9995
          2.055          -0.9921
          2.064          -0.9759
          2.073          -0.9511
          2.083          -0.9178
          2.092          -0.8763
          2.102          -0.8271
          2.111          -0.7705
          2.121          -0.7071
          2.130          -0.6374
          2.139          -0.5621
          2.149          -0.4818
          2.158          -0.3971
          2.168          -0.3090
          2.177          -0.2181
          2.187          -0.1253
          2.196          -0.0314
          2.205           0.0628
          2.215           0.1564
          2.224           0.2487
          2.234           0.3387
          2.243           0.4258
          2.253           0.5090
          2.262           0.5878
          2.271           0.6613
          2.281           0.7290
          2.290           0.7902
          2.300           0.8443
          2.309           0.8910
          2.318           0.9298
          2.328           0.9603
          2.337           0.9823
          2.347           0.9956
          2.356           1.0000
          2.366           0.9956
          2.375           0.9823
          2.384           0.9603
          2.394           0.9298
          2.403           0.8910
          2.413           0.8443
          2.422           0.7902
          2.432           0.7290
          2.441           0.6613
          2.450           0.5878
          2.460           0.5090
          2.469           0.4258
          2.479           0.3387
          2.488           0.2487
          2.498           0.1564
          2.507           0.0628
          2.516          -0.0314
          2.526          -0.1253
          2.535          -0.2181
          2.545          -0.3090
          2.554          -0.3971
          2.564          -0.4818
          2.573          -0.5621
          2.582          -0.6374
          2.592          -0.7071
          2.601          -0.7705
          2.611          -0.8271
          2.620          -0.8763
          2.630          -0.9178
          2.639          -0.9511
          2.648          -0.9759
          2.658          -0.9921
          2.667          -0.9995
          2.677          -0.9980
          2.686          -0.9877
          2.695          -0.9686
          2.705          -0.9409
          2.714          -0.9048
          2.724          -0.8607
          2.733          -0.8090
          2.743          -0.7501
          2.752          -0.6845
          2.761          -0.6129
          2.771          -0.5358
          2.780          -0.4540
          2.790          -0.3681
          2.799          -0.2790
          2.809          -0.1874
          2.818          -0.0941
          2.827           0.0000
          2.837           0.0941
          2.846           0.1874
          2.856           0.2790
          2.865           0.3681
          2.875           0.4540
          2.884           0.5358
          2.893           0.6129
          2.903           0.6845
          2.912           0.7501
          2.922           0.8090
          2.931           0.8607
          2.941           0.9048
          2.950           0.9409
          2.959           0.9686
          2.969           0.9877
          2.978           0.9980
          2.988           0.9995
          2.997           0.9921
          3.007           0.9759
          3.016           0.9511
          3.025           0.9178
          3.035           0.8763
          3.044           0.8271
          3.054           0.7705
          3.063           0.7071
          3.072           0.6374
          3.082           0.5621
          3.091           0.4818
          3.101           0.3971
          3.110           0.3090
          3.120           0.2181
          3.129           0.1253
          3.138           0.0314
          3.148          -0.0628
          3.157          -0.1564
          3.167          -0.2487
          3.176          -0.3387
          3.186          -0.4258
          3.195          -0.5090
          3.204          -0.5878
          3.214          -0.6613
          3.223          -0.7290
          3.233          -0.7902
          3.242          -0.8443
          3.252          -0.8910
          3.261          -0.9298
          3.270          -0.9603
          3.280          -0.9823
          3.289          -0.9956
          3.299          -1.0000
          3.308          -0.9956
          3.318          -0.9823
          3.327          -0.9603
          3.336          -0.9298
          3.346          -0.8910
          3.355          -0.8443
          3.365          -0.7902
          3.374          -0.7290
          3.383          -0.6613
          3.393          -0.5878
          3.402          -0.5090
          3.412          -0.4258
          3.421          -0.3387
          3.431          -0.2487
          3.440          -0.1564
          3.449          -0.0628
          3.459           0.0314
          3.468           0.1253
          3.478           0.2181
          3.487           0.3090
          3.497           0.3971
          3.506           0.4818
          3.515           0.5621
          3.525           0.6374
          3.534           0.7071
          3.544           0.7705
          3.553           0.8271
          3.563           0.8763
          3.572           0.9178
          3.581           0.9511
          3.591           0.9759
          3.600           0.9921
          3.610           0.9995
          3.619           0.9980
          3.629           0.9877
          3.638           0.9686
          3.647           0.9409
          3.657           0.9048
          3.666           0.8607
          3.676           0.8090
          3.685           0.7501
          3.695           0.6845
          3.704           0.6129
          3.713           0.5358
          3.723           0.4540
          3.732           0.3681
          3.742           0.2790
          3.751           0.1874
          3.760           0.0941
          3.770           0.0000
          3.779          -0.0941
          3.789          -0.1874
          3.798          -0.2790
          3.808          -0.3681
          3.817          -0.4540
          3.826          -0.5358
          3.836          -0.6129
          3.845          -0.6845
          3.855          -0.7501
          3.864          -0.8090
          3.874          -0.8607
          3.883          -0.9048
          3.892          -0.9409
          3.902          -0.9686
          3.911          -0.9877
          3.921          -0.9980
          3.930          -0.9995
          3.940          -0.9921
          3.949          -0.9759
          3.958          -0.9511
          3.968          -0.9178
          3.977          -0.8763
          3.987          -0.8271
          3.996          -0.7705
          4.006          -0.7071
          4.015          -0.6374
          4.024          -0.5621
          4.034          -0.4818
          4.043          -0.3971
          4.053          -0.3090
          4.062          -0.2181
          4.072          -0.1253
          4.081          -0.0314
          4.090           0.0628
          4.100           0.1564
          4.109           0.2487
          4.119           0.3387
          4.128           0.4258
          4.137           0.5090
          4.147           0.5878
          4.156           0.6613
          4.166           0.7290
          4.175           0.7902
          4.185           0.8443
          4.194           0.8910
          4.203           0.9298
          4.213           0.9603
          4.222           0.9823
          4.232           0.9956
          4.241           1.0000
          4.251           0.9956
          4.260           0.9823
          4.269           0.9603
          4.279           0.9298
          4.288           0.8910
          4.298           0.8443
          4.307           0.7902
          4.317           0.7290
          4.326           0.6613
          4.335           0.5878
          4.345           0.5090
          4.354           0.4258
          4.364           0.3387
          4.373           0.2487
          4.383           0.1564
          4.392           0.0628
          4.401          -0.0314
          4.411          -0.1253
          4.420          -0.2181
          4.430          -0.3090
          4.439          -0.3971
          4.448          -0.4818
          4.458          -0.5621
          4.467          -0.6374
          4.477          -0.7071
          4.486          -0.7705
          4.496          -0.8271
          4.505          -0.8763
          4.514          -0.9178
          4.524          -0.9511
          4.533          -0.9759
          4.543          -0.9921
          4.552          -0.9995
          4.562          -0.9980
          4.571          -0.9877
          4.580          -0.9686
          4.590          -0.9409
          4.599          -0.9048
          4.609          -0.8607
          4.618          -0.8090
          4.628          -0.7501
          4.637          -0.6845
          4.646          -0.6129
          4.656          -0.5358
          4.665          -0.4540
          4.675          -0.3681
          4.684          -0.2790
          4.694          -0.1874
          4.703          -0.0941
          4.712           0.0000
          4.722           0.0941
          4.731           0.1874
          4.741           0.2790
          4.750           0.3681
          4.760           0.4540
          4.769           0.5358
          4.778           0.6129
          4.788           0.6845
          4.797           0.7501
          4.807           0.8090
          4.816           0.8607
          4.825           0.9048
          4.835           0.9409
          4.844           0.9686
          4.854           0.9877
          4.863           0.9980
          4.873           0.9995
          4.882           0.9921
          4.891           0.9759
          4.901           0.9511
          4.910           0.9178
          4.920           0.8763
          4.929           0.8271
          4.939           0.7705
          4.948           0.7071
          4.957           0.6374
          4.967           0.5621
          4.976           0.4818
          4.986           0.3971
          4.995           0.3090
          5.005           0.2181
          5.014           0.1253
          5.023           0.0314
          5.033          -0.0628
          5.042          -0.1564
          5.052          -0.2487
          5.061          -0.3387
          5.071          -0.4258
          5.080          -0.5090
          5.089          -0.5878
          5.099          -0.6613
          5.108          -0.7290
          5.118          -0.7902
          5.127          -0.8443
          5.137          -0.8910
          5.146          -0.9298
          5.155          -0.9603
          5.165          -0.9823
          5.174          -0.9956
          5.184          -1.0000
          5.193          -0.9956
          5.202          -0.9823
          5.212          -0.9603
          5.221          -0.9298
          5.231          -0.8910
          5.240          -0.8443
          5.250          -0.7902
          5.259          -0.7290
          5.268          -0.6613
          5.278          -0.5878
          5.287          -0.5090
          5.297          -0.4258
          5.306          -0.3387
          5.316          -0.2487
          5.325          -0.1564
          5.334          -0.0628
          5.344           0.0314
          5.353           0.1253
          5.363           0.2181
          5.372           0.3090
          5.382           0.3971
          5.391           0.4818
          5.400           0.5621
          5.410           0.6374
          5.419           0.7071
          5.429           0.7705
          5.438           0.8271
          5.448           0.8763
          5.457           0.9178
          5.466           0.9511
          5.476           0.9759
          5.485           0.9921
          5.495           0.9995
          5.504           0.9980
          5.513           0.9877
          5.523           0.9686
          5.532           0.9409
          5.542           0.9048
          5.551           0.8607
          5.561           0.8090
          5.570           0.7501
          5.579           0.6845
          5.589           0.6129
          5.598           0.5358
          5.608           0.4540
          5.617           0.3681
          5.627           0.2790
          5.636           0.1874
          5.645           0.0941
          5.655           0.0000
          5.664          -0.0941
          5.674          -0.1874
          5.683          -0.2790
          5.693          -0.3681
          5.702          -0.4540
          5.711          -0.5358
          5.721          -0.6129
          5.730          -0.6845
          5.740          -0.7501
          5.749          -0.8090
          5.759          -0.8607
          5.768          -0.9048
          5.777          -0.9409
          5.787          -0.9686
          5.796          -0.9877
          5.806          -0.9980
          5.815          -0.9995
          5.825          -0.9921
          5.834          -0.9759
          5.843          -0.9511
          5.853          -0.9178
          5.862          -0.8763
          5.872          -0.8271
          5.881          -0.7705
          5.890          -0.7071
          5.900          -0.6374
          5.909          -0.5621
          5.919          -0.4818
          5.928          -0.3971
          5.938          -0.3090
          5.947          -0.2181
          5.956          -0.1253
          5.966          -0.0314
          5.975           0.0628
          5.985           0.1564
          5.994           0.2487
          6.004           0.3387
          6.013           0.4258
          6.022           0.5090
          6.032           0.5878
          6.041           0.6613
          6.051           0.7290
          6.060           0.7902
          6.070           0.8443
          6.079           0.8910
          6.088           0.9298
          6.098           0.9603
          6.107           0.9823
          6.117           0.9956
          6.126           1.0000
          6.136           0.9956
          6.145           0.9823
          6.154           0.9603
          6.164           0.9298
          6.173           0.8910
          6.183           0.8443
          6.192           0.7902
          6.202           0.7290
          6.211           0.6613
          6.220           0.5878
          6.230           0.5090
          6.239           0.4258
          6.249           0.3387
          6.258           0.2487
          6.267           0.1564
          6.277           0.0628
          6.286          -0.0314
          6.296          -0.1253
          6.305          -0.2181
          6.315          -0.3090
          6.324          -0.3971
          6.333          -0.4818
          6.343          -0.5621
          6.352          -0.6374
          6.362          -0.7071
          6.371          -0.7705
          6.381          -0.8271
          6.390          -0.8763
          6.399          -0.9178
          6.409          -0.9511
          6.418          -0.9759
          6.428          -0.9921
          6.437          -0.9995
          6.447          -0.9980
          6.456          -0.9877
          6.465          -0.9686
          6.475          -0.9409
          6.484          -0.9048
          6.494          -0.8607
          6.503          -0.8090
          6.513          -0.7501
          6.522          -0.6845
          6.531          -0.6129
          6.541          -0.5358
          6.550          -0.4540
          6.560          -0.3681
          6.569          -0.2790
          6.578          -0.1874
          6.588          -0.0941
          6.597           0.0000
          6.607           0.0941
          6.616           0.1874
          6.626           0.2790
          6.635           0.3681
          6.644           0.4540
          6.654           0.5358
          6.663           0.6129
          6.673           0.6845
          6.682           0.7501
          6.692           0.8090
          6.701           0.8607
          6.710           0.9048
          6.720           0.9409
          6.729           0.9686
          6.739           0.9877
          6.748           0.9980
          6.758           0.9995
          6.767           0.9921
          6.776           0.9759
          6.786           0.9511
          6.795           0.9178
          6.805           0.8763
          6.814           0.8271
          6.824           0.7705
          6.833           0.7071
          6.842           0.6374
          6.852           0.5621
          6.861           0.4818
          6.871           0.3971
          6.880           0.3090
          6.890           0.2181
          6.899           0.1253
          6.908           0.0314
          6.918          -0.0628
          6.927          -0.1564
          6.937          -0.2487
          6.946          -0.3387
          6.955          -0.4258
          6.965          -0.5090
          6.974          -0.5878
          6.984          -0.6613
          6.993          -0.7290
          7.003          -0.7902
          7.012          -0.8443
          7.021          -0.8910
          7.031          -0.9298
          7.040          -0.9603
          7.050          -0.9823
          7.059          -0.9956
          7.069          -1.0000
          7.078          -0.9956
          7.087          -0.9823
          7.097          -0.9603
          7.106          -0.9298
          7.116          -0.8910
          7.125          -0.8443
          7.135          -0.7902
          7.144          -0.7290
          7.153          -0.6613
          7.163          -0.5878
          7.172          -0.5090
          7.182          -0.4258
          7.191          -0.3387
          7.201          -0.2487
          7.210          -0.1564
          7.219          -0.0628
          7.229           0.0314
          7.238           0.1253
          7.248           0.2181
          7.257           0.3090
          7.267           0.3971
          7.276           0.4818
          7.285           0.5621
          7.295           0.6374
          7.304           0.7071
          7.314           0.7705
          7.323           0.8271
          7.332           0.8763
          7.342           0.9178
          7.351           0.9511
          7.361           0.9759
          7.370           0.9921
          7.380           0.9995
          7.389           0.9980
          7.398           0.9877
          7.408           0.9686
          7.417           0.9409
          7.427           0.9048
          7.436           0.8607
          7.446           0.8090
          7.455           0.7501
          7.464           0.6845
          7.474           0.6129
          7.483           0.5358
          7.493           0.4540
          7.502           0.3681
          7.512           0.2790
          7.521           0.1874
          7.530           0.0941
          7.540           0.0000
          7.549          -0.0941
          7.559          -0.1874
          7.568          -0.2790
          7.578          -0.3681
          7.587          -0.4540
          7.596          -0.5358
          7.606          -0.6129
          7.615          -0.6845
          7.625          -0.7501
          7.634          -0.8090
          7.643          -0.8607
          7.653          -0.9048
          7.662          -0.9409
          7.672          -0.9686
          7.681          -0.9877
          7.691          -0.9980
          7.700          -0.9995
          7.709          -0.9921
          7.719          -0.9759
          7.728          -0.9511
          7.738          -0.9178
          7.747          -0.8763
          7.757          -0.8271
          7.766          -0.7705
          7.775          -0.7071
          7.785          -0.6374
          7.794          -0.5621
          7.804          -0.4818
          7.813          -0.3971
          7.823          -0.3090
          7.832          -0.2181
          7.841          -0.1253
          7.851          -0.0314
          7.860           0.0628
          7.870           0.1564
          7.879           0.2487
          7.889           0.3387
          7.898           0.4258
          7.907           0.5090
          7.917           0.5878
          7.926           0.6613
          7.936           0.7290
          7.945           0.7902
          7.955           0.8443
          7.964           0.8910
          7.973           0.9298
          7.983           0.9603
          7.992           0.9823
          8.002           0.9956
          8.011           1.0000
          8.020           0.9956
          8.030           0.9823
          8.039           0.9603
          8.049           0.9298
          8.058           0.8910
          8.068           0.8443
          8.077           0.7902
          8.086           0.7290
          8.096           0.6613
          8.105           0.5878
          8.115           0.5090
          8.124           0.4258
          8.134           0.3387
          8.143           0.2487
          8.152           0.1564
          8.162           0.0628
          8.171          -0.0314
          8.181          -0.1253
          8.190          -0.2181
          8.200          -0.3090
          8.209          -0.3971
          8.218          -0.4818
          8.228          -0.5621
          8.237          -0.6374
          8.247          -0.7071
          8.256          -0.7705
          8.266          -0.8271
          8.275          -0.8763
          8.284          -0.9178
          8.294          -0.9511
          8.303          -0.9759
          8.313          -0.9921
          8.322          -0.9995
          8.332          -0.9980
          8.341          -0.9877
          8.350          -0.9686
          8.360          -0.9409
          8.369          -0.9048
          8.379          -0.8607
          8.388          -0.8090
          8.397          -0.7501
          8.407          -0.6845
          8.416          -0.6129
          8.426          -0.5358
          8.435          -0.4540
          8.445          -0.3681
          8.454          -0.2790
          8.463          -0.1874
          8.473          -0.0941
          8.482           0.0000
          8.492           0.0941
          8.501           0.1874
          8.511           0.2790
          8.520           0.3681
          8.529           0.4540
          8.539           0.5358
          8.548           0.6129
          8.558           0.6845
          8.567           0.7501
          8.577           0.8090
          8.586           0.8607
          8.595           0.9048
          8.605           0.9409
          8.614           0.9686
          8.624           0.9877
          8.633           0.9980
          8.643           0.9995
          8.652           0.9921
          8.661           0.9759
          8.671           0.9511
          8.680           0.9178
          8.690           0.8763
          8.699           0.8271
          8.708           0.7705
          8.718           0.7071
          8.727           0.6374
          8.737           0.5621
          8.746           0.4818
          8.756           0.3971
          8.765           0.3090
          8.774           0.2181
          8.784           0.1253
          8.793           0.0314
          8.803          -0.0628
          8.812          -0.1564
          8.822          -0.2487
          8.831          -0.3387
          8.840          -0.4258
          8.850          -0.5090
          8.859          -0.5878
          8.869          -0.6613
          8.878          -0.7290
          8.888          -0.7902
          8.897          -0.8443
          8.906          -0.8910
          8.916          -0.9298
          8.925          -0.9603
          8.935          -0.9823
          8.944          -0.9956
          8.954          -1.0000
          8.963          -0.9956
          8.972          -0.9823
          8.982          -0.9603
          8.991          -0.9298
          9.001          -0.8910
          9.010          -0.8443
          9.020          -0.7902
          9.029          -0.7290
          9.038          -0.6613
          9.048          -0.5878
          9.057          -0.5090
          9.067          -0.4258
          9.076          -0.3387
          9.085          -0.2487
          9.095          -0.1564
          9.104          -0.0628
          9.114           0.0314
          9.123           0.1253
          9.133           0.2181
          9.142           0.3090
          9.151           0.3971
          9.161           0.4818
          9.170           0.5621
          9.180           0.6374
          9.189           0.7071
          9.199           0.7705
          9.208           0.8271
          9.217           0.8763
          9.227           0.9178
          9.236           0.9511
          9.246           0.9759
          9.255           0.9921
          9.265           0.9995
          9.274           0.9980
          9.283           0.9877
          9.293           0.9686
          9.302           0.9409
          9.312           0.9048
          9.321           0.8607
          9.331           0.8090
          9.340           0.7501
          9.349           0.6845
          9.359           0.6129
          9.368           0.5358
          9.378           0.4540
          9.387           0.3681
          9.397           0.2790
          9.406           0.1874
          9.415           0.0941
          9.425           0.0000
          9.434          -0.0941
          9.444          -0.1874
          9.453          -0.2790
          9.462          -0.3681
          9.472          -0.4540
          9.481          -0.5358
          9.491          -0.6129
          9.500          -0.6845
          9.510          -0.7501
          9.519          -0.8090
          9.528          -0.8607
          9.538          -0.9048
          9.547          -0.9409
          9.557          -0.9686
          9.566          -0.9877
          9.576          -0.9980
          9.585          -0.9995
          9.594          -0.9921
          9.604          -0.9759
          9.613          -0.9511
          9.623          -0.9178
          9.632          -0.8763
          9.642          -0.8271
          9.651          -0.7705
          9.660          -0.7071
          9.670          -0.6374
          9.679          -0.5621
          9.689          -0.4818
          9.698          -0.3971
          9.708          -0.3090
          9.717          -0.2181
          9.726          -0.1253
          9.736          -0.0314
          9.745           0.0628
          9.755           0.1564
          9.764           0.2487
          9.773           0.3387
          9.783           0.4258
          9.792           0.5090
          9.802           0.5878
          9.811           0.6613
          9.821           0.7290
          9.830           0.7902
          9.839           0.8443
          9.849           0.8910
          9.858           0.9298
          9.868           0.9603
          9.877           0.9823
          9.887           0.9956
          9.896           1.0000
          9.905           0.9956
          9.915           0.9823
          9.924           0.9603
          9.934           0.9298
          9.943           0.8910
          9.953           0.8443
          9.962           0.7902
          9.971           0.7290
          9.981           0.6613
          9.990           0.5878
         10.000           0.5090
         10.009           0.4258
         10.019           0.3387
         10.028           0.2487
         10.037           0.1564
         10.047           0.0628
         10.056          -0.0314
         10.066          -0.1253
         10.075          -0.2181
         10.085          -0.3090
         10.094          -0.3971
         10.103          -0.4818
         10.113          -0.5621
         10.122          -0.6374
         10.132          -0.7071
         10.141          -0.7705
         10.150          -0.8271
         10.160          -0.8763
         10.169          -0.9178
         10.179          -0.9511
         10.188          -0.9759
         10.198          -0.9921
         10.207          -0.9995
         10.216          -0.9980
         10.226          -0.9877
         10.235          -0.9686
         10.245          -0.9409
         10.254          -0.9048
         10.264          -0.8607
         10.273          -0.8090
         10.282          -0.7501
         10.292          -0.6845
         10.301          -0.6129
         10.311          -0.5358
         10.320          -0.4540
         10.330          -0.3681
         10.339          -0.2790
         10.348          -0.1874
         10.358          -0.0941
         10.367           0.0000
         10.377           0.0941
         10.386           0.1874
         10.396           0.2790
         10.405           0.3681
         10.414           0.4540
         10.424           0.5358
         10.433           0.6129
         10.443           0.6845
         10.452           0.7501
         10.462           0.8090
         10.471           0.8607
         10.480           0.9048
         10.490           0.9409
         10.499           0.9686
         10.509           0.9877
         10.518           0.9980
         10.527           0.9995
         10.537           0.9921
         10.546           0.9759
         10.556           0.9511
         10.565           0.9178
         10.575           0.8763
         10.584           0.8271
         10.593           0.7705
         10.603           0.7071
         10.612           0.6374
         10.622           0.5621
         10.631           0.4818
         10.641           0.3971
         10.650           0.3090
         10.659           0.2181
         10.669           0.1253
         10.678           0.0314
         10.688          -0.0628
         10.697          -0.1564
         10.707          -0.2487
         10.716          -0.3387
         10.725          -0.4258
         10.735          -0.5090
         10.744          -0.5878
         10.754          -0.6613
         10.763          -0.7290
         10.773          -0.7902
         10.782          -0.8443
         10.791          -0.8910
         10.801          -0.9298
         10.810          -0.9603
         10.820          -0.9823
         10.829          -0.9956
         10.838          -1.0000
         10.848          -0.9956
         10.857          -0.9823
         10.867          -0.9603
         10.876          -0.9298
         10.886          -0.8910
         10.895          -0.8443
         10.904          -0.7902
         10.914          -0.7290
         10.923          -0.6613
         10.933          -0.5878
         10.942          -0.5090
         10.952          -0.4258
         10.961          -0.3387
         10.970          -0.2487
         10.980          -0.1564
         10.989          -0.0628
         10.999           0.0314
         11.008           0.1253
         11.018           0.2181
         11.027           0.3090
         11.036           0.3971
         11.046           0.4818
         11.055           0.5621
         11.065           0.6374
         11.074           0.7071
         11.084           0.7705
         11.093           0.8271
         11.102           0.8763
         11.112           0.9178
         11.121           0.9511
         11.131           0.9759
         11.140           0.9921
         11.150           0.9995
         11.159           0.9980
         11.168           0.9877
         11.178           0.9686
         11.187           0.9409
         11.197           0.9048
         11.206           0.8607
         11.215           0.8090
         11.225           0.7501
         11.234           0.6845
         11.244           0.6129
         11.253           0.5358
         11.263           0.4540
         11.272           0.3681
         11.281           0.2790
         11.291           0.1874
         11.300           0.0941
         11.310           0.0000
         11.319          -0.0941
         11.329          -0.1874
         11.338          -0.2790
         11.347          -0.3681
         11.357          -0.4540
         11.366          -0.5358
         11.376          -0.6129
         11.385          -0.6845
         11.395          -0.7501
         11.404          -0.8090
         11.413          -0.8607
         11.423          -0.9048
         11.432          -0.9409
         11.442          -0.9686
         11.451          -0.9877
         11.461          -0.9980
         11.470          -0.9995
         11.479          -0.9921
         11.489          -0.9759
         11.498          -0.9511
         11.508          -0.9178
         11.517          -0.8763
         11.527          -0.8271
         11.536          -0.7705
         11.545          -0.7071
         11.555          -0.6374
         11.564          -0.5621
         11.574          -0.4818
         11.583          -0.3971
         11.592          -0.3090
         11.602          -0.2181
         11.611          -0.1253
         11.621          -0.0314
         11.630           0.0628
         11.640           0.1564
         11.649           0.2487
         11.658           0.3387
         11.668           0.4258
         11.677           0.5090
         11.687           0.5878
         11.696           0.6613
         11.706           0.7290
         11.715           0.7902
         11.724           0.8443
         11.734           0.8910
         11.743           0.9298
         11.753           0.9603
         11.762           0.9823
         11.772           0.9956
         11.781           1.0000
         11.790           0.9956
         11.800           0.9823
         11.809           0.9603
         11.819           0.9298
         11.828           0.8910
         11.838           0.8443
         11.847           0.7902
         11.856           0.7290
         11.866           0.6613
         11.875           0.5878
         11.885           0.5090
         11.894           0.4258
         11.903           0.3387
         11.913           0.2487
         11.922           0.1564
         11.932           0.0628
         11.941          -0.0314
         11.951          -0.1253
         11.960          -0.2181
         11.969          -0.3090
         11.979          -0.3971
         11.988          -0.4818
         11.998          -0.5621
         12.007          -0.6374
         12.017          -0.7071
         12.026          -0.7705
         12.035          -0.8271
         12.045          -0.8763
         12.054          -0.9178
         12.064          -0.9511
         12.073          -0.9759
         12.083          -0.9921
         12.092          -0.9995
         12.101          -0.9980
         12.111          -0.9877
         12.120          -0.9686
         12.130          -0.9409
         12.139          -0.9048
         12.149          -0.8607
         12.158          -0.8090
         12.167          -0.7501
         12.177          -0.6845
         12.186          -0.6129
         12.196          -0.5358
         12.205          -0.4540
         12.215          -0.3681
         12.224          -0.2790
         12.233          -0.1874
         12.243          -0.0941
         12.252           0.0000
         12.262           0.0941
         12.271           0.1874
         12.280           0.2790
         12.290           0.3681
         12.299           0.4540
         12.309           0.5358
         12.318           0.6129
         12.328           0.6845
         12.337           0.7501
         12.346           0.8090
         12.356           0.8607
         12.365           0.9048
         12.375           0.9409
         12.384           0.9686
         12.394           0.9877
         12.403           0.9980
         12.412           0.9995
         12.422           0.9921
         12.431           0.9759
         12.441           0.9511
         12.450           0.9178
         12.460           0.8763
         12.469           0.8271
         12.478           0.7705
         12.488           0.7071
         12.497           0.6374
         12.507           0.5621
         12.516           0.4818
         12.526           0.3971
         12.535           0.3090
         12.544           0.2181
         12.554           0.1253
         12.563           0.0314
         12.573          -0.0628
         12.582          -0.1564
         12.592          -0.2487
         12.601          -0.3387
         12.610          -0.4258
         12.620          -0.5090
         12.629          -0.5878
         12.639          -0.6613
         12.648          -0.7290
         12.657          -0.7902
         12.667          -0.8443
         12.676          -0.8910
         12.686          -0.9298
         12.695          -0.9603
         12.705          -0.9823
         12.714          -0.9956
         12.723          -1.0000
         12.733          -0.9956
         12.742          -0.9823
         12.752          -0.9603
         12.761          -0.9298
         12.771          -0.8910
         12.780          -0.8443
         12.789          -0.7902
         12.799          -0.7290
         12.808          -0.6613
         12.818          -0.5878
         12.827          -0.5090
         12.837          -0.4258
         12.846          -0.3387
         12.855          -0.2487
         12.865          -0.1564
         12.874          -0.0628
         12.884           0.0314
         12.893           0.1253
         12.903           0.2181
         12.912           0.3090
         12.921           0.3971
         12.931           0.4818
         12.940           0.5621
         12.950           0.6374
         12.959           0.7071
         12.968           0.7705
         12.978           0.8271
         12.987           0.8763
         12.997           0.9178
         13.006           0.9511
         13.016           0.9759
         13.025           0.9921
         13.034           0.9995
         13.044           0.9980
         13.053           0.9877
         13.063           0.9686
         13.072           0.9409
         13.082           0.9048
         13.091           0.8607
         13.100           0.8090
         13.110           0.7501
         13.119           0.6845
         13.129           0.6129
         13.138           0.5358
         13.148           0.4540
         13.157           0.3681
         13.166           0.2790
         13.176           0.1874
         13.185           0.0941
         13.195           0.0000
         13.204          -0.0941
         13.214          -0.1874
         13.223          -0.2790
         13.232          -0.3681
         13.242          -0.4540
         13.251          -0.5358
         13.261          -0.6129
         13.270          -0.6845
         13.280          -0.7501
         13.289          -0.8090
         13.298          -0.8607
         13.308          -0.9048
         13.317          -0.9409
         13.327          -0.9686
         13.336          -0.9877
         13.345          -0.9980
         13.355          -0.9995
         13.364          -0.9921
         13.374          -0.9759
         13.383          -0.9511
         13.393          -0.9178
         13.402          -0.8763
         13.411          -0.8271
         13.421          -0.7705
         13.430          -0.7071
         13.440          -0.6374
         13.449          -0.5621
         13.459          -0.4818
         13.468          -0.3971
         13.477          -0.3090
         13.487          -0.2181
         13.496          -0.1253
         13.506          -0.0314
         13.515           0.0628
         13.525           0.1564
         13.534           0.2487
         13.543           0.3387
         13.553           0.4258
         13.562           0.5090
         13.572           0.5878
         13.581           0.6613
         13.591           0.7290
         13.600           0.7902
         13.609           0.8443
         13.619           0.8910
         13.628           0.9298
         13.638           0.9603
         13.647           0.9823
         13.657           0.9956
         13.666           1.0000
         13.675           0.9956
         13.685           0.9823
         13.694           0.9603
         13.704           0.9298
         13.713           0.8910
         13.722           0.8443
         13.732           0.7902
         13.741           0.7290
         13.751           0.6613
         13.760           0.5878
         13.770           0.5090
         13.779           0.4258
         13.788           0.3387
         13.798           0.2487
         13.807           0.1564
         13.817           0.0628
         13.826          -0.0314
         13.836          -0.1253
         13.845          -0.2181
         13.854          -0.3090
         13.864          -0.3971
         13.873          -0.4818
         13.883          -0.5621
         13.892          -0.6374
         13.902          -0.7071
         13.911          -0.7705
         13.920          -0.8271
         13.930          -0.8763
         13.939          -0.9178
         13.949          -0.9511
         13.958          -0.9759
         13.968          -0.9921
         13.977          -0.9995
         13.986          -0.9980
         13.996          -0.9877
         14.005          -0.9686
         14.015          -0.9409
         14.024          -0.9048
         14.033          -0.8607
         14.043          -0.8090
         14.052          -0.7501
         14.062          -0.6845
         14.071          -0.6129
         14.081          -0.5358
         14.090          -0.4540
         14.099          -0.3681
         14.109          -0.2790
         14.118          -0.1874
         14.128          -0.0941
         14.137           0.0000
         14.147           0.0941
         14.156           0.1874
         14.165           0.2790
         14.175           0.3681
         14.184           0.4540
         14.194           0.5358
         14.203           0.6129
         14.213           0.6845
         14.222           0.7501
         14.231           0.8090
         14.241           0.8607
         14.250           0.9048
         14.260           0.9409
         14.269           0.9686
         14.279           0.9877
         14.288           0.9980
         14.297           0.9995
         14.307           0.9921
         14.316           0.9759
         14.326           0.9511
         14.335           0.9178
         14.345           0.8763
         14.354           0.8271
         14.363           0.7705
         14.373           0.7071
         14.382           0.6374
         14.392           0.5621
         14.401           0.4818
         14.410           0.3971
         14.420           0.3090
         14.429           0.2181
         14.439           0.1253
         14.448           0.0314
         14.458          -0.0628
         14.467          -0.1564
         14.476          -0.2487
         14.486          -0.3387
         14.495          -0.4258
         14.505          -0.5090
         14.514          -0.5878
         14.524          -0.6613
         14.533          -0.7290
         14.542          -0.7902
         14.552          -0.8443
         14.561          -0.8910
         14.571          -0.9298
         14.580          -0.9603
         14.590          -0.9823
         14.599          -0.9956
         14.608          -1.0000
         14.618          -0.9956
         14.627          -0.9823
         14.637          -0.9603
         14.646          -0.9298
         14.656          -0.8910
         14.665          -0.8443
         14.674          -0.7902
         14.684          -0.7290
         14.693          -0.6613
         14.703          -0.5878
         14.712          -0.5090
         14.722          -0.4258
         14.731          -0.3387
         14.740          -0.2487
         14.750          -0.1564
         14.759          -0.0628
         14.769           0.0314
         14.778           0.1253
         14.787           0.2181
         14.797           0.3090
         14.806           0.3971
         14.816           0.4818
         14.825           0.5621
         14.835           0.6374
         14.844           0.7071
         14.853           0.7705
         14.863           0.8271
         14.872           0.8763
         14.882           0.9178
         14.891           0.9511
         14.901           0.9759
         14.910           0.9921
         14.919           0.9995
         14.929           0.9980
         14.938           0.9877
         14.948           0.9686
         14.957           0.9409
         14.967           0.9048
         14.976           0.8607
         14.985           0.8090
         14.995           0.7501
         15.004           0.6845
         15.014           0.6129
         15.023           0.5358
         15.033           0.4540
         15.042           0.3681
         15.051           0.2790
         15.061           0.1874
         15.070           0.0941
         15.080           0.0000
         15.089          -0.0941
         15.098          -0.1874
         15.108          -0.2790
         15.117          -0.3681
         15.127          -0.4540
         15.136          -0.5358
         15.146          -0.6129
         15.155          -0.6845
         15.164          -0.7501
         15.174          -0.8090
         15.183          -0.8607
         15.193          -0.9048
         15.202          -0.9409
         15.212          -0.9686
         15.221          -0.9877
         15.230          -0.9980
         15.240          -0.9995
         15.249          -0.9921
         15.259          -0.9759
         15.268          -0.9511
         15.278          -0.9178
         15.287          -0.8763
         15.296          -0.8271
         15.306          -0.7705
         15.315          -0.7071
         15.325          -0.6374
         15.334          -0.5621
         15.344          -0.4818
         15.353          -0.3971
         15.362          -0.3090
         15.372          -0.2181
         15.381          -0.1253
         15.391          -0.0314
         15.400           0.0628
         15.410           0.1564
         15.419           0.2487
         15.428           0.3387
         15.438           0.4258
         15.447           0.5090
         15.457           0.5878
         15.466           0.6613
         15.475           0.7290
         15.485           0.7902
         15.494           0.8443
         15.504           0.8910
         15.513           0.9298
         15.523           0.9603
         15.532           0.9823
         15.541           0.9956
         15.551           1.0000
         15.560           0.9956
         15.570           0.9823
         15.579           0.9603
         15.589           0.9298
         15.598           0.8910
         15.607           0.8443
         15.617           0.7902
         15.626           0.7290
         15.636           0.6613
         15.645           0.5878
         15.655           0.5090
         15.664           0.4258
         15.673           0.3387
         15.683           0.2487
         15.692           0.1564
         15.702           0.0628
         15.711          -0.0314
         15.721          -0.1253
         15.730          -0.2181
         15.739          -0.3090
         15.749          -0.3971
         15.758          -0.4818
         15.768          -0.5621
         15.777          -0.6374
         15.787          -0.7071
         15.796          -0.7705
         15.805          -0.8271
         15.815          -0.8763
         15.824          -0.9178
         15.834          -0.9511
         15.843          -0.9759
         15.852          -0.9921
         15.862          -0.9995
         15.871          -0.9980
         15.881          -0.9877
         15.890          -0.9686
         15.900          -0.9409
         15.909          -0.9048
         15.918          -0.8607
         15.928          -0.8090
         15.937          -0.7501
         15.947          -0.6845
         15.956          -0.6129
         15.966          -0.5358
         15.975          -0.4540
         15.984          -0.3681
         15.994          -0.2790
         16.003          -0.1874
         16.013          -0.0941
         16.022           0.0000
         16.032           0.0941
         16.041           0.1874
         16.050           0.2790
         16.060           0.3681
         16.069           0.4540
         16.079           0.5358
         16.088           0.6129
         16.098           0.6845
         16.107           0.7501
         16.116           0.8090
         16.126           0.8607
         16.135           0.9048
         16.145           0.9409
         16.154           0.9686
         16.163           0.9877
         16.173           0.9980
         16.182           0.9995
         16.192           0.9921
         16.201           0.9759
         16.211           0.9511
         16.220           0.9178
         16.229           0.8763
         16.239           0.8271
         16.248           0.7705
         16.258           0.7071
         16.267           0.6374
         16.277           0.5621
         16.286           0.4818
         16.295           0.3971
         16.305           0.3090
         16.314           0.2181
         16.324           0.1253
         16.333           0.0314
         16.343          -0.0628
         16.352          -0.1564
         16.361          -0.2487
         16.371          -0.3387
         16.380          -0.4258
         16.390          -0.5090
         16.399          -0.5878
         16.409          -0.6613
         16.418          -0.7290
         16.427          -0.7902
         16.437          -0.8443
         16.446          -0.8910
         16.456          -0.9298
         16.465          -0.9603
         16.475          -0.9823
         16.484          -0.9956
         16.493          -1.0000
         16.503          -0.9956
         16.512          -0.9823
         16.522          -0.9603
         16.531          -0.9298
         16.540          -0.8910
         16.550          -0.8443
         16.559          -0.7902
         16.569          -0.7290
         16.578          -0.6613
         16.588          -0.5878
         16.597          -0.5090
         16.606          -0.4258
         16.616          -0.3387
         16.625          -0.2487
         16.635          -0.1564
         16.644          -0.0628
         16.654           0.0314
         16.663           0.1253
         16.672           0.2181
         16.682           0.3090
         16.691           0.3971
         16.701           0.4818
         16.710           0.5621
         16.720           0.6374
         16.729           0.7071
         16.738           0.7705
         16.748           0.8271
         16.757           0.8763
         16.767           0.9178
         16.776           0.9511
         16.786           0.9759
         16.795           0.9921
         16.804           0.9995
         16.814           0.9980
         16.823           0.9877
         16.833           0.9686
         16.842           0.9409
         16.852           0.9048
         16.861           0.8607
         16.870           0.8090
         16.880           0.7501
         16.889           0.6845
         16.899           0.6129
         16.908           0.5358
         16.917           0.4540
         16.927           0.3681
         16.936           0.2790
         16.946           0.1874
         16.955           0.0941
         16.965           0.0000
         16.974          -0.0941
         16.983          -0.1874
         16.993          -0.2790
         17.002          -0.3681
         17.012          -0.4540
         17.021          -0.5358
         17.031          -0.6129
         17.040          -0.6845
         17.049          -0.7501
         17.059          -0.8090
         17.068          -0.8607
         17.078          -0.9048
         17.087          -0.9409
         17.097          -0.9686
         17.106          -0.9877
         17.115          -0.9980
         17.125          -0.9995
         17.134          -0.9921
         17.144          -0.9759
         17.153          -0.9511
         17.163          -0.9178
         17.172          -0.8763
         17.181          -0.8271
         17.191          -0.7705
         17.200          -0.7071
         17.210          -0.6374
         17.219          -0.5621
         17.228          -0.4818
         17.238          -0.3971
         17.247          -0.3090
         17.257          -0.2181
         17.266          -0.1253
         17.276          -0.0314
         17.285           0.0628
         17.294           0.1564
         17.304           0.2487
         17.313           0.3387
         17.323           0.4258
         17.332           0.5090
         17.342           0.5878
         17.351           0.6613
         17.360           0.7290
         17.370           0.7902
         17.379           0.8443
         17.389           0.8910
         17.398           0.9298
         17.408           0.9603
         17.417           0.9823
         17.426           0.9956
         17.436           1.0000
         17.445           0.9956
         17.455           0.9823
         17.464           0.9603
         17.474           0.9298
         17.483           0.8910
         17.492           0.8443
         17.502           0.7902
         17.511           0.7290
         17.521           0.6613
         17.530           0.5878
         17.540           0.5090
         17.549           0.4258
         17.558           0.3387
         17.568           0.2487
         17.577           0.1564
         17.587           0.0628
         17.596          -0.0314
         17.605          -0.1253
         17.615          -0.2181
         17.624          -0.3090
         17.634          -0.3971
         17.643          -0.4818
         17.653          -0.5621
         17.662          -0.6374
         17.671          -0.7071
         17.681          -0.7705
         17.690          -0.8271
         17.700          -0.8763
         17.709          -0.9178
         17.719          -0.9511
         17.728          -0.9759
         17.737          -0.9921
         17.747          -0.9995
         17.756          -0.9980
         17.766          -0.9877
         17.775          -0.9686
         17.785          -0.9409
         17.794          -0.9048
         17.803          -0.8607
         17.813          -0.8090
         17.822          -0.7501
         17.832          -0.6845
         17.841          -0.6129
         17.851          -0.5358
         17.860          -0.4540
         17.869          -0.3681
         17.879          -0.2790
         17.888          -0.1874
         17.898          -0.0941
         17.907           0.0000
         17.917           0.0941
         17.926           0.1874
         17.935           0.2790
         17.945           0.3681
         17.954           0.4540
         17.964           0.5358
         17.973           0.6129
         17.982           0.6845
         17.992           0.7501
         18.001           0.8090
         18.011           0.8607
         18.020           0.9048
         18.030           0.9409
         18.039           0.9686
         18.048           0.9877
         18.058           0.9980
         18.067           0.9995
         18.077           0.9921
         18.086           0.9759
         18.096           0.9511
         18.105           0.9178
         18.114           0.8763
         18.124           0.8271
         18.133           0.7705
         18.143           0.7071
         18.152           0.6374
         18.162           0.5621
         18.171           0.4818
         18.180           0.3971
         18.190           0.3090
         18.199           0.2181
         18.209           0.1253
         18.218           0.0314
         18.228          -0.0628
         18.237          -0.1564
         18.246          -0.2487
         18.256          -0.3387
         18.265          -0.4258
         18.275          -0.5090
         18.284          -0.5878
         18.293          -0.6613
         18.303          -0.7290
         18.312          -0.7902
         18.322          -0.8443
         18.331          -0.8910
         18.341          -0.9298
         18.350          -0.9603
         18.359          -0.9823
         18.369          -0.9956
         18.378          -1.0000
         18.388          -0.9956
         18.397          -0.9823
         18.407          -0.9603
         18.416          -0.9298
         18.425          -0.8910
         18.435          -0.8443
         18.444          -0.7902
         18.454          -0.7290
         18.463          -0.6613
         18.473          -0.5878
         18.482          -0.5090
         18.491          -0.4258
         18.501          -0.3387
         18.510          -0.2487
         18.520          -0.1564
         18.529          -0.0628
         18.539           0.0314
         18.548           0.1253
         18.557           0.2181
         18.567           0.3090
         18.576           0.3971
         18.586           0.4818
         18.595           0.5621
         18.605           0.6374
         18.614           0.7071
         18.623           0.7705
         18.633           0.8271
         18.642           0.8763
         18.652           0.9178
         18.661           0.9511
         18.670           0.9759
         18.680           0.9921
         18.689           0.9995
         18.699           0.9980
         18.708           0.9877
         18.718           0.9686
         18.727           0.9409
         18.736           0.9048
         18.746           0.8607
         18.755           0.8090
         18.765           0.7501
         18.774           0.6845
         18.784           0.6129
         18.793           0.5358
         18.802           0.4540
         18.812           0.3681
         18.821           0.2790
         18.831           0.1874
         18.840           0.0941
